0.04608 -0.62353 1.57082
0.04635 -0.62241 1.57102
0.00599 0.00243 1.57128
0.01693 -0.02124 1.57319
0.01131 -0.14441 1.57703
0.01012 -0.14884 1.57701
0.01012 -0.14884 1.57701
0.00691 -0.14910 1.57700
0.00691 -0.14910 1.57700
0.00691 -0.14910 1.57700
0.00199 -0.10627 1.56999
0.00199 -0.10627 1.56999
0.00199 -0.10627 1.56999
-0.00312 -0.09173 1.55902
-0.00312 -0.09173 1.55902
-0.00312 -0.09173 1.55902
-0.00535 -0.08165 1.54782
-0.00535 -0.08165 1.54782
-0.00535 -0.08165 1.54782
-0.01064 -0.07078 1.53541
-0.01064 -0.07078 1.53541
-0.01064 -0.07078 1.53541
-0.00111 -0.04702 1.52352
-0.00111 -0.04702 1.52352
-0.00111 -0.04702 1.52352
0.00318 -0.03117 1.50854
0.00318 -0.03117 1.50854
0.00318 -0.03117 1.50854
0.00902 -0.00704 1.48138
0.00902 -0.00704 1.48138
0.00902 -0.00704 1.48138
0.02617 0.02008 1.42721
0.02617 0.02008 1.42721
0.02617 0.02008 1.42721
0.06273 0.05385 1.32282
0.06273 0.05385 1.32282
0.06273 0.05385 1.32282
0.13948 0.07477 1.13422
0.13948 0.07477 1.13422
0.13948 0.07477 1.13422
0.25859 0.06014 0.83530
0.25859 0.06014 0.83530
0.25859 0.06014 0.83530
0.39685 -0.02423 0.44906
0.39685 -0.02423 0.44906
0.39685 -0.02423 0.44906
0.51080 -0.14854 0.10128
0.51080 -0.14854 0.10128
0.51080 -0.14854 0.10128
0.58499 -0.21549 -0.05261
0.58499 -0.21549 -0.05261
0.58499 -0.21549 -0.05261
0.66454 -0.14675 0.03299
0.66454 -0.14675 0.03299
0.66454 -0.14675 0.03299
0.71462 0.07739 0.32599
0.71462 0.07739 0.32599
0.71462 0.07739 0.32599
0.61260 0.39953 0.74481
0.61260 0.39953 0.74481
0.61260 0.39953 0.74481
0.42770 0.64586 1.09409
0.42770 0.64586 1.09409
0.42770 0.64586 1.09409
0.30358 0.78996 1.28232
0.30358 0.78996 1.28232
0.30358 0.78996 1.28232
0.25167 0.90703 1.36825
0.25167 0.90703 1.36825
0.25167 0.90703 1.36825
0.21732 1.00991 1.41976
0.21732 1.00991 1.41976
0.21732 1.00991 1.41976
0.19191 1.11584 1.44604
0.19191 1.11584 1.44604
0.19191 1.11584 1.44604
0.18089 1.22783 1.46406
0.18089 1.22783 1.46406
0.18089 1.22783 1.46406
0.18015 1.35239 1.47420
0.18015 1.35239 1.47420
0.18015 1.35239 1.47420
0.17312 1.47965 1.48413
0.17312 1.47965 1.48413
0.17312 1.47965 1.48413
0.16654 1.61677 1.49162
0.19920 2.25358 1.49029
0.16368 2.42794 1.50796
0.21113 3.06819 1.49700
0.39113 5.11821 1.46820
0.43983 5.50531 1.46196
0.25957 5.80467 1.49755
0.31446 6.57263 1.48610
0.32381 6.70216 1.48347
0.34975 6.96471 1.47879
0.34975 6.96471 1.47879
0.34975 6.96471 1.47879
0.30398 7.21028 1.48573
0.30398 7.21028 1.48573
0.30398 7.21028 1.48573
0.30055 7.39959 1.48556
0.30055 7.39959 1.48556
0.30055 7.39959 1.48556
0.30440 7.56981 1.48427
0.30440 7.56981 1.48427
0.30440 7.56981 1.48427
0.30852 7.73025 1.48222
0.30852 7.73025 1.48222
0.30852 7.73025 1.48222
0.31932 7.88577 1.48072
0.31932 7.88577 1.48072
0.31932 7.88577 1.48072
0.33308 8.02598 1.47797
0.33308 8.02598 1.47797
0.33308 8.02598 1.47797
0.34319 8.17224 1.47502
0.34319 8.17224 1.47502
0.34319 8.17224 1.47502
0.35198 8.31549 1.47358
0.35198 8.31549 1.47358
0.35198 8.31549 1.47358
0.37211 8.44957 1.47168
0.37211 8.44957 1.47168
0.37211 8.44957 1.47168
0.38427 8.58724 1.46789
0.38427 8.58724 1.46789
0.38427 8.58724 1.46789
0.40389 8.72212 1.46554
0.40389 8.72212 1.46554
0.40389 8.72212 1.46554
0.41454 8.86062 1.46356
0.41454 8.86062 1.46356
0.41454 8.86062 1.46356
0.43349 8.99224 1.46101
0.43349 8.99224 1.46101
0.43349 8.99224 1.46101
0.44251 9.12599 1.45810
0.44251 9.12599 1.45810
0.44251 9.12599 1.45810
0.45774 9.26049 1.45617
0.45774 9.26049 1.45617
0.45774 9.26049 1.45617
0.47179 9.39343 1.45237
0.47179 9.39343 1.45237
0.47179 9.39343 1.45237
0.49117 9.52820 1.44936
0.49117 9.52820 1.44936
0.49117 9.52820 1.44936
0.50038 9.66019 1.44618
0.50038 9.66019 1.44618
0.50038 9.66019 1.44618
0.51906 9.78648 1.44425
0.51906 9.78648 1.44425
0.51906 9.78648 1.44425
0.53477 9.91793 1.44254
0.53477 9.91793 1.44254
0.53477 9.91793 1.44254
0.55335 10.04472 1.43975
0.55335 10.04472 1.43975
0.55335 10.04472 1.43975
0.57243 10.17074 1.43692
0.57243 10.17074 1.43692
0.57243 10.17074 1.43692
0.59046 10.30291 1.43444
0.59046 10.30291 1.43444
0.59046 10.30291 1.43444
0.61315 10.42992 1.43183
0.61315 10.42992 1.43183
0.61315 10.42992 1.43183
0.63156 10.56386 1.43007
0.63156 10.56386 1.43007
0.63156 10.56386 1.43007
0.65764 10.69678 1.42891
0.65764 10.69678 1.42891
0.65764 10.69678 1.42891
1.11839 13.45003 1.38195
1.19640 13.85726 1.37274
1.22870 13.98631 1.37197
1.22870 13.98631 1.37197
1.28692 14.25037 1.36762
1.28692 14.25037 1.36762
1.30627 14.38723 1.36605
1.30627 14.38723 1.36605
1.30627 14.38723 1.36605
1.34613 14.52240 1.36331
1.34613 14.52240 1.36331
1.34613 14.52240 1.36331
1.36406 14.65130 1.36153
1.36406 14.65130 1.36153
1.36406 14.65130 1.36153
1.39736 14.78288 1.36056
1.39736 14.78288 1.36056
1.39736 14.78288 1.36056
1.42105 14.90924 1.35907
1.42105 14.90924 1.35907
1.42105 14.90924 1.35907
1.45483 15.04035 1.35897
1.45483 15.04035 1.35897
1.45483 15.04035 1.35897
1.48104 15.16934 1.35956
1.48104 15.16934 1.35956
1.48104 15.16934 1.35956
1.51341 15.30155 1.36117
1.51341 15.30155 1.36117
1.51341 15.30155 1.36117
1.54143 15.43451 1.36112
1.54143 15.43451 1.36112
1.54143 15.43451 1.36112
1.56924 15.57102 1.35909
1.56924 15.57102 1.35909
1.56924 15.57102 1.35909
1.59806 15.69727 1.35666
1.59806 15.69727 1.35666
1.59806 15.69727 1.35666
1.63096 15.83108 1.35495
1.63096 15.83108 1.35495
1.63096 15.83108 1.35495
1.66046 15.96102 1.35300
1.66046 15.96102 1.35300
1.66046 15.96102 1.35300
1.68539 16.08891 1.34988
1.68539 16.08891 1.34988
1.68539 16.08891 1.34988
1.71251 16.21739 1.34783
1.71251 16.21739 1.34783
1.71251 16.21739 1.34783
1.73504 16.35063 1.34374
1.73504 16.35063 1.34374
1.73504 16.35063 1.34374
1.76955 16.47792 1.34133
1.76955 16.47792 1.34133
1.76955 16.47792 1.34133
1.79986 16.60539 1.33875
1.79986 16.60539 1.33875
1.79986 16.60539 1.33875
1.83585 16.72816 1.33677
1.83585 16.72816 1.33677
1.83585 16.72816 1.33677
1.86191 16.85795 1.33348
1.86191 16.85795 1.33348
2.35177 18.64882 1.25016
2.42827 18.89953 1.23479
2.42827 18.89953 1.23479
2.46082 19.02196 1.22418
2.46082 19.02196 1.22418
2.51259 19.14573 1.21054
2.51259 19.14573 1.21054
2.54647 19.27158 1.19449
2.59666 19.39113 1.18136
2.69023 19.62455 1.15431
2.79641 19.86547 1.12915
2.84478 19.98413 1.11699
2.90099 20.09686 1.10319
2.95580 20.21577 1.08943
2.95580 20.21577 1.08943
2.95580 20.21577 1.08943
3.01505 20.32652 1.07686
3.01505 20.32652 1.07686
3.01505 20.32652 1.07686
3.06098 20.43952 1.06333
3.06098 20.43952 1.06333
3.06098 20.43952 1.06333
3.11376 20.56032 1.04839
3.11376 20.56032 1.04839
3.11376 20.56032 1.04839
3.16619 20.67561 1.03362
3.16619 20.67561 1.03362
3.16619 20.67561 1.03362
3.23168 20.78537 1.01868
3.23168 20.78537 1.01868
3.23168 20.78537 1.01868
3.29719 20.90355 1.00307
3.29719 20.90355 1.00307
3.29719 20.90355 1.00307
3.36482 21.00951 0.98579
3.36482 21.00951 0.98579
3.36482 21.00951 0.98579
3.43046 21.11634 0.97020
3.43046 21.11634 0.97020
3.43046 21.11634 0.97020
3.50194 21.22469 0.95532
3.50194 21.22469 0.95532
3.50194 21.22469 0.95532
3.57120 21.32912 0.93953
3.57120 21.32912 0.93953
3.57120 21.32912 0.93953
3.63683 21.43676 0.92267
3.63683 21.43676 0.92267
3.63683 21.43676 0.92267
3.71547 21.54588 0.90592
3.71547 21.54588 0.90592
3.71547 21.54588 0.90592
3.79172 21.65189 0.88948
3.79172 21.65189 0.88948
5.84227 23.43791 0.52461
5.84227 23.43791 0.52461
5.94109 23.52882 0.51078
6.17613 23.65643 0.47689
6.17613 23.65643 0.47689
6.27169 23.73784 0.46242
6.51074 23.85244 0.42620
6.51074 23.85244 0.42620
6.51074 23.85244 0.42620
6.61989 23.91570 0.40938
6.61989 23.91570 0.40938
6.61989 23.91570 0.40938
6.73113 23.97624 0.39029
6.73113 23.97624 0.39029
6.73113 23.97624 0.39029
6.84790 24.02410 0.37127
6.84790 24.02410 0.37127
6.84790 24.02410 0.37127
6.96915 24.08007 0.35355
6.96915 24.08007 0.35355
6.96915 24.08007 0.35355
7.10032 24.12016 0.33275
7.10032 24.12016 0.33275
7.10032 24.12016 0.33275
7.23083 24.15593 0.31295
7.23083 24.15593 0.31295
7.23083 24.15593 0.31295
7.36140 24.18685 0.29137
7.36140 24.18685 0.29137
7.36140 24.18685 0.29137
7.49375 24.21863 0.27061
7.49375 24.21863 0.27061
7.49375 24.21863 0.27061
7.62149 24.24108 0.24936
7.62149 24.24108 0.24936
7.62149 24.24108 0.24936
7.75783 24.26804 0.22925
7.75783 24.26804 0.22925
7.75783 24.26804 0.22925
7.89064 24.29087 0.20751
7.89064 24.29087 0.20751
7.89064 24.29087 0.20751
8.02789 24.31277 0.18876
8.02789 24.31277 0.18876
8.02789 24.31277 0.18876
8.16658 24.33362 0.16642
8.16658 24.33362 0.16642
8.16658 24.33362 0.16642
8.30278 24.35074 0.14784
8.30278 24.35074 0.14784
8.30278 24.35074 0.14784
8.43115 24.37762 0.12615
8.43115 24.37762 0.12615
8.43115 24.37762 0.12615
8.57011 24.39022 0.10617
8.57011 24.39022 0.10617
8.57011 24.39022 0.10617
8.69957 24.40288 0.08396
8.69957 24.40288 0.08396
8.69957 24.40288 0.08396
8.83797 24.40912 0.06312
8.83797 24.40912 0.06312
8.83797 24.40912 0.06312
8.97896 24.42364 0.04387
8.97896 24.42364 0.04387
8.97896 24.42364 0.04387
11.79121 23.93617 -0.40214
11.91739 23.87850 -0.42325
11.91739 23.87850 -0.42325
12.10238 24.04026 -0.44224
12.10238 24.04026 -0.44224
12.10238 24.04026 -0.44224
12.16369 24.16074 -0.44915
12.28720 24.10243 -0.47002
12.41423 24.04189 -0.49035
12.41423 24.04189 -0.49035
12.41423 24.04189 -0.49035
12.45668 24.11832 -0.50249
12.45668 24.11832 -0.50249
12.45668 24.11832 -0.50249
12.51361 24.15140 -0.51726
12.51361 24.15140 -0.51726
12.51361 24.15140 -0.51726
12.57396 24.16099 -0.53731
12.57396 24.16099 -0.53731
12.57396 24.16099 -0.53731
12.64052 24.15194 -0.55862
12.64052 24.15194 -0.55862
12.64052 24.15194 -0.55862
12.69693 24.13545 -0.58241
12.69693 24.13545 -0.58241
12.69693 24.13545 -0.58241
12.76061 24.10651 -0.60415
12.76061 24.10651 -0.60415
12.76061 24.10651 -0.60415
12.81737 24.07430 -0.62958
12.81737 24.07430 -0.62958
12.81737 24.07430 -0.62958
12.87745 24.03092 -0.65266
12.87745 24.03092 -0.65266
12.87745 24.03092 -0.65266
12.92451 23.99694 -0.67928
12.92451 23.99694 -0.67928
12.92451 23.99694 -0.67928
12.97308 23.95067 -0.70147
12.97308 23.95067 -0.70147
12.97308 23.95067 -0.70147
13.01033 23.90709 -0.72708
13.01033 23.90709 -0.72708
13.01033 23.90709 -0.72708
13.05503 23.86512 -0.75052
13.05503 23.86512 -0.75052
13.05503 23.86512 -0.75052
13.08241 23.81962 -0.77524
13.08241 23.81962 -0.77524
13.08241 23.81962 -0.77524
13.10874 23.77362 -0.79879
14.39155 21.64190 -1.21057
14.39155 21.64190 -1.21057
14.43183 21.52398 -1.22745
14.47767 21.39931 -1.24635
14.51743 21.28113 -1.26616
14.51743 21.28113 -1.26616
14.51743 21.28113 -1.26616
14.33737 21.40564 -1.28769
14.33737 21.40564 -1.28769
14.37058 21.29032 -1.30653
14.40227 21.16653 -1.32175
14.40227 21.16653 -1.32175
14.40227 21.16653 -1.32175
14.19878 21.32052 -1.33913
14.19878 21.32052 -1.33913
14.19878 21.32052 -1.33913
13.99819 21.48406 -1.35584
13.99819 21.48406 -1.35584
13.99819 21.48406 -1.35584
13.78121 21.65679 -1.37440
13.78121 21.65679 -1.37440
13.78121 21.65679 -1.37440
13.56933 21.84483 -1.38967
13.56933 21.84483 -1.38967
13.56933 21.84483 -1.38967
13.34510 22.03897 -1.40815
13.34510 22.03897 -1.40815
13.34510 22.03897 -1.40815
13.12604 22.24926 -1.42523
13.12604 22.24926 -1.42523
13.12604 22.24926 -1.42523
12.90300 22.46161 -1.44547
12.90300 22.46161 -1.44547
12.90300 22.46161 -1.44547
12.67492 22.69117 -1.46224
12.67492 22.69117 -1.46224
12.67492 22.69117 -1.46224
12.44997 22.91977 -1.48416
12.44997 22.91977 -1.48416
12.44997 22.91977 -1.48416
12.22636 23.15262 -1.50234
12.22636 23.15262 -1.50234
12.22636 23.15262 -1.50234
12.06385 23.32351 -1.52149
12.06385 23.32351 -1.52149
12.06385 23.32351 -1.52149
11.95233 23.43746 -1.53835
11.95233 23.43746 -1.53835
11.95233 23.43746 -1.53835
11.86195 23.51344 -1.55691
11.86195 23.51344 -1.55691
11.86195 23.51344 -1.55691
11.79080 23.57638 -1.57392
11.79080 23.57638 -1.57392
11.79080 23.57638 -1.57392
11.72898 23.63230 -1.59232
11.72898 23.63230 -1.59232
11.72898 23.63230 -1.59232
11.67149 23.69115 -1.60733
11.67149 23.69115 -1.60733
11.67149 23.69115 -1.60733
11.62072 23.74465 -1.62105
11.62072 23.74465 -1.62105
11.62072 23.74465 -1.62105
11.56733 23.79530 -1.63494
11.56733 23.79530 -1.63494
11.56733 23.79530 -1.63494
11.52737 23.83931 -1.64772
11.52737 23.83931 -1.64772
11.52737 23.83931 -1.64772
11.48624 23.89154 -1.66153
11.48624 23.89154 -1.66153
10.97015 21.59967 -1.83894
10.97015 21.59967 -1.83894
10.97638 21.84463 -1.82947
10.97638 21.84463 -1.82947
10.94017 21.73767 -1.82184
10.96041 21.99187 -1.81648
10.96041 21.99187 -1.81648
10.96041 21.99187 -1.81648
10.97680 22.25271 -1.81535
10.97680 22.25271 -1.81535
10.97680 22.25271 -1.81535
10.99824 22.49617 -1.80819
10.99824 22.49617 -1.80819
10.99824 22.49617 -1.80819
11.02772 22.75141 -1.79764
11.02772 22.75141 -1.79764
11.02772 22.75141 -1.79764
11.06561 23.01380 -1.78382
11.06561 23.01380 -1.78382
11.06561 23.01380 -1.78382
11.11141 23.29654 -1.77471
11.11141 23.29654 -1.77471
11.11141 23.29654 -1.77471
11.15951 23.57789 -1.76531
11.15951 23.57789 -1.76531
11.15951 23.57789 -1.76531
11.20525 23.86656 -1.75846
11.20525 23.86656 -1.75846
11.20525 23.86656 -1.75846
11.25612 24.16298 -1.75068
11.25612 24.16298 -1.75068
11.25612 24.16298 -1.75068
11.30854 24.47784 -1.74342
11.30854 24.47784 -1.74342
11.30854 24.47784 -1.74342
11.34215 24.68545 -1.73597
11.34215 24.68545 -1.73597
11.34215 24.68545 -1.73597
11.35882 24.79787 -1.72871
11.35882 24.79787 -1.72871
11.35882 24.79787 -1.72871
11.38171 24.87884 -1.72349
11.38171 24.87884 -1.72349
11.38171 24.87884 -1.72349
11.40229 24.96759 -1.71801
11.40229 24.96759 -1.71801
11.40229 24.96759 -1.71801
11.41471 25.03918 -1.71356
11.41471 25.03918 -1.71356
11.41471 25.03918 -1.71356
11.44241 25.11345 -1.71010
11.44241 25.11345 -1.71010
11.44241 25.11345 -1.71010
11.45609 25.18341 -1.71132
11.45609 25.18341 -1.71132
11.45609 25.18341 -1.71132
11.47127 25.24133 -1.70998
11.47127 25.24133 -1.70998
11.47127 25.24133 -1.70998
11.48392 25.30707 -1.71161
11.48392 25.30707 -1.71161
11.48392 25.30707 -1.71161
11.50429 25.37081 -1.71197
11.50429 25.37081 -1.71197
11.50429 25.37081 -1.71197
11.50714 25.42150 -1.71304
11.50714 25.42150 -1.71304
11.50714 25.42150 -1.71304
11.52535 25.47700 -1.71325
11.52535 25.47700 -1.71325
11.52535 25.47700 -1.71325
11.53701 25.52855 -1.71515
11.53701 25.52855 -1.71515
11.53701 25.52855 -1.71515
11.54614 25.57607 -1.71469
11.54614 25.57607 -1.71469
11.43966 24.90518 -1.72784
11.48555 25.10068 -1.72678
11.48016 25.07546 -1.72750
11.48016 25.07546 -1.72750
11.52545 25.30221 -1.72577
11.52545 25.30221 -1.72577
11.57114 25.54470 -1.72489
11.57114 25.54470 -1.72489
11.57114 25.54470 -1.72489
11.62123 25.79097 -1.72232
11.62123 25.79097 -1.72232
11.62123 25.79097 -1.72232
11.66862 26.05792 -1.72150
11.66862 26.05792 -1.72150
11.71728 26.29563 -1.71995
11.73078 26.39430 -1.72078
11.73078 26.39430 -1.72078
11.75299 26.48099 -1.71919
11.75299 26.48099 -1.71919
11.75070 26.46399 -1.72075
11.74893 26.44775 -1.71973
11.74893 26.44775 -1.71973
11.76145 26.53980 -1.72119
11.76145 26.53980 -1.72119
11.77667 26.61502 -1.72012
11.77667 26.61502 -1.72012
11.77667 26.61502 -1.72012
11.78980 26.68680 -1.72078
11.78980 26.68680 -1.72078
11.78980 26.68680 -1.72078
11.80231 26.74634 -1.72050
11.80231 26.74634 -1.72050
11.80231 26.74634 -1.72050
11.80739 26.79324 -1.72104
11.80739 26.79324 -1.72104
11.80739 26.79324 -1.72104
11.81767 26.84016 -1.72054
11.81767 26.84016 -1.72054
11.81767 26.84016 -1.72054
11.82527 26.88973 -1.72116
11.82527 26.88973 -1.72116
11.82527 26.88973 -1.72116
11.83152 26.92654 -1.72161
11.83152 26.92654 -1.72161
11.83152 26.92654 -1.72161
11.84436 26.95696 -1.72134
11.84436 26.95696 -1.72134
11.84436 26.95696 -1.72134
11.84815 26.98804 -1.72175
11.84815 26.98804 -1.72175
11.84815 26.98804 -1.72175
11.85453 27.01281 -1.72141
11.85453 27.01281 -1.72141
11.85453 27.01281 -1.72141
11.85793 27.04067 -1.72273
11.85793 27.04067 -1.72273
11.85793 27.04067 -1.72273
11.86554 27.06849 -1.72226
11.86554 27.06849 -1.72226
11.86554 27.06849 -1.72226
11.87025 27.09668 -1.72265
11.87025 27.09668 -1.72265
11.87025 27.09668 -1.72265
11.87360 27.11170 -1.72267
11.87360 27.11170 -1.72267
11.67490 25.91358 -1.74237
11.67490 25.91358 -1.74237
11.66364 25.84197 -1.74356
11.71542 26.06707 -1.74407
11.71542 26.06707 -1.74407
11.71542 26.06707 -1.74407
11.77158 26.30157 -1.74157
11.77158 26.30157 -1.74157
11.77158 26.30157 -1.74157
11.82920 26.54273 -1.73973
11.82920 26.54273 -1.73973
11.82920 26.54273 -1.73973
11.88830 26.78750 -1.73645
11.88830 26.78750 -1.73645
11.95559 27.04614 -1.73385
11.95559 27.04614 -1.73385
11.95559 27.04614 -1.73385
12.02144 27.30814 -1.72902
12.02144 27.30814 -1.72902
12.02144 27.30814 -1.72902
12.08415 27.58655 -1.72563
12.08415 27.58655 -1.72563
12.08415 27.58655 -1.72563
12.13304 27.74982 -1.72189
12.13304 27.74982 -1.72189
12.13304 27.74982 -1.72189
12.16314 27.87131 -1.72123
12.16314 27.87131 -1.72123
12.16314 27.87131 -1.72123
12.19093 27.96167 -1.71756
12.19093 27.96167 -1.71756
12.19093 27.96167 -1.71756
12.21560 28.03617 -1.71523
12.21560 28.03617 -1.71523
12.21560 28.03617 -1.71523
12.23839 28.09292 -1.71197
12.23839 28.09292 -1.71197
12.23839 28.09292 -1.71197
12.26066 28.14856 -1.70920
12.26066 28.14856 -1.70920
12.26066 28.14856 -1.70920
12.28172 28.19971 -1.70467
12.28172 28.19971 -1.70467
12.28172 28.19971 -1.70467
12.30624 28.24164 -1.70287
12.30624 28.24164 -1.70287
12.30624 28.24164 -1.70287
12.32495 28.27815 -1.69652
12.32495 28.27815 -1.69652
12.32495 28.27815 -1.69652
12.35057 28.30921 -1.69179
12.35057 28.30921 -1.69179
12.35057 28.30921 -1.69179
12.37637 28.34556 -1.69128
12.37637 28.34556 -1.69128
12.37637 28.34556 -1.69128
12.40607 28.38259 -1.68978
12.40607 28.38259 -1.68978
12.40607 28.38259 -1.68978
12.43028 28.42299 -1.68713
12.43028 28.42299 -1.68713
12.43028 28.42299 -1.68713
12.45731 28.46303 -1.68013
12.45731 28.46303 -1.68013
12.45731 28.46303 -1.68013
12.48509 28.50949 -1.67111
12.48509 28.50949 -1.67111
12.48509 28.50949 -1.67111
12.52128 28.55854 -1.65210
12.52128 28.55854 -1.65210
12.52128 28.55854 -1.65210
12.56587 28.61645 -1.62231
12.56587 28.61645 -1.62231
12.56587 28.61645 -1.62231
12.60853 28.67079 -1.60332
12.60853 28.67079 -1.60332
12.60853 28.67079 -1.60332
12.66023 28.72761 -1.57907
12.80836 26.50317 -1.45057
12.87945 26.15199 -1.44664
12.87945 26.15199 -1.44664
13.17551 26.47409 -1.38566
13.17551 26.47409 -1.38566
13.28618 26.41201 -1.36315
13.28618 26.41201 -1.36315
13.64686 26.82410 -1.27774
13.64686 26.82410 -1.27774
13.81597 26.83554 -1.23687
13.81597 26.83554 -1.23687
13.81597 26.83554 -1.23687
14.38020 27.43056 -1.07645
14.38020 27.43056 -1.07645
14.38020 27.43056 -1.07645
15.03394 28.24018 -0.85754
15.03394 28.24018 -0.85754
15.03394 28.24018 -0.85754
15.59691 29.25200 -0.61620
15.59691 29.25200 -0.61620
15.59691 29.25200 -0.61620
15.93280 30.36216 -0.38909
15.93280 30.36216 -0.38909
15.93280 30.36216 -0.38909
16.04502 31.48078 -0.18605
16.04502 31.48078 -0.18605
16.04502 31.48078 -0.18605
15.98659 32.56693 -0.00863
15.98659 32.56693 -0.00863
15.98659 32.56693 -0.00863
15.80903 33.59947 0.14954
15.80903 33.59947 0.14954
15.80903 33.59947 0.14954
15.56800 34.56059 0.28928
15.56800 34.56059 0.28928
15.56800 34.56059 0.28928
15.29039 35.41676 0.40336
15.29039 35.41676 0.40336
15.29039 35.41676 0.40336
15.12785 35.95872 0.47005
15.12785 35.95872 0.47005
15.12785 35.95872 0.47005
15.05061 36.24788 0.49851
15.05061 36.24788 0.49851
15.05061 36.24788 0.49851
15.00155 36.47986 0.52067
15.00155 36.47986 0.52067
15.00155 36.47986 0.52067
14.97458 36.68859 0.53646
14.97458 36.68859 0.53646
14.97458 36.68859 0.53646
14.94786 36.89095 0.55132
14.94786 36.89095 0.55132
14.94786 36.89095 0.55132
14.92984 37.07732 0.56332
14.92984 37.07732 0.56332
14.92984 37.07732 0.56332
14.91848 37.25930 0.57481
14.91848 37.25930 0.57481
14.91848 37.25930 0.57481
14.91892 37.43060 0.58159
14.91892 37.43060 0.58159
14.91892 37.43060 0.58159
14.92828 37.60008 0.58936
14.92828 37.60008 0.58936
14.92828 37.60008 0.58936
14.93554 37.76030 0.59618
14.93554 37.76030 0.59618
14.93636 37.93496 0.60190
14.93636 37.93496 0.60190
14.94003 37.93187 0.60132
14.99513 38.32427 0.60545
14.98694 38.32647 0.60634
14.98694 38.32647 0.60634
14.99155 38.32243 0.60606
14.99155 38.32243 0.60606
14.99155 38.32243 0.60606
15.06302 38.73956 0.61020
15.06302 38.73956 0.61020
15.06302 38.73956 0.61020
15.13690 39.15364 0.61348
15.13690 39.15364 0.61348
15.13690 39.15364 0.61348
15.21485 39.56961 0.61730
15.21485 39.56961 0.61730
15.21485 39.56961 0.61730
15.29176 39.98270 0.61883
15.29176 39.98270 0.61883
15.29176 39.98270 0.61883
15.36729 40.39888 0.62348
15.36729 40.39888 0.62348
15.36729 40.39888 0.62348
15.43643 40.82347 0.62521
15.43643 40.82347 0.62521
15.43643 40.82347 0.62521
15.51186 41.25159 0.62838
15.51186 41.25159 0.62838
15.51186 41.25159 0.62838
15.59931 41.68526 0.63040
15.59931 41.68526 0.63040
15.59931 41.68526 0.63040
15.68631 42.13438 0.63347
15.68631 42.13438 0.63347
15.68631 42.13438 0.63347
15.77107 42.58544 0.63544
15.77107 42.58544 0.63544
15.77107 42.58544 0.63544
15.85507 43.05441 0.63812
15.85507 43.05441 0.63812
15.85507 43.05441 0.63812
15.94570 43.52098 0.63938
15.94570 43.52098 0.63938
15.94570 43.52098 0.63938
16.01125 43.83091 0.61679
16.01125 43.83091 0.61679
16.01125 43.83091 0.61679
16.06910 44.05410 -0.11035
16.06910 44.05410 -0.11035
16.06910 44.05410 -0.11035
16.09531 44.26724 -1.46649
16.09531 44.26724 -1.46649
16.09531 44.26724 -1.46649
16.11808 44.45743 -1.61126
16.11808 44.45743 -1.61126
16.11808 44.45743 -1.61126
16.15385 44.63698 -1.64540
16.15385 44.63698 -1.64540
16.15385 44.63698 -1.64540
16.18768 44.81015 -1.64938
16.18768 44.81015 -1.64938
16.18768 44.81015 -1.64938
16.22530 44.97615 -1.65263
16.22530 44.97615 -1.65263
16.26519 45.13960 -1.65223
16.26519 45.13960 -1.65223
16.32461 45.42554 -1.65270
16.32281 45.42385 -1.65340
16.32281 45.42385 -1.65340
16.32281 45.42385 -1.65340
16.27849 45.54337 -1.65463
16.27849 45.54337 -1.65463
16.18592 45.30727 -1.65427
16.07067 45.04845 -1.65359
16.06685 45.04887 -1.65444
16.06685 45.04887 -1.65444
16.06888 45.04547 -1.65501
16.06888 45.04547 -1.65501
16.00302 45.04939 -1.65336
