0.00000 -0.00000 1.57080
0.00000 -0.00000 1.57080
0.00000 -0.00000 1.57080
0.00000 -0.00000 1.57080
-0.00501 0.00172 1.57081
-0.00561 0.00119 1.57082
-0.00561 0.00119 1.57082
-0.00561 0.00119 1.57082
-0.00652 0.00029 1.57080
-0.00654 -0.00052 1.57082
-0.00654 -0.00052 1.57082
-0.00654 -0.00052 1.57082
-0.00654 -0.00052 1.57082
-0.00654 -0.00052 1.57082
-0.00654 -0.00052 1.57082
-0.00594 -0.00007 1.57222
-0.00611 0.00334 1.57282
-0.00611 0.00334 1.57282
-0.00611 0.00334 1.57282
-0.00611 0.00334 1.57282
-0.00611 0.00334 1.57282
-0.00293 0.02395 1.57367
-0.00293 0.02395 1.57367
-0.00293 0.02395 1.57367
-0.00293 0.02395 1.57367
-0.00293 0.02395 1.57367
-0.00293 0.02395 1.57367
-0.00269 0.04936 1.57567
-0.00292 0.04941 1.57506
-0.00292 0.04941 1.57506
-0.00292 0.04941 1.57506
-0.00292 0.04941 1.57506
-0.00292 0.04941 1.57506
-0.00292 0.04941 1.57506
-0.00292 0.04941 1.57506
-0.00292 0.04941 1.57506
-0.00292 0.04941 1.57506
-0.00292 0.04941 1.57506
-0.01683 -0.06344 1.57584
-0.01702 -0.06898 1.57589
-0.01749 -0.07460 1.57614
-0.01776 -0.08077 1.57583
-0.01781 -0.08676 1.57571
-0.01751 -0.09232 1.57596
-0.01689 -0.09803 1.57576
-0.01676 -0.10552 1.57527
-0.01695 -0.11539 1.57574
-0.01652 -0.12617 1.57560
-0.01615 -0.13686 1.57528
-0.01571 -0.14673 1.57541
-0.01423 -0.15690 1.57474
-0.01289 -0.16859 1.57458
-0.01173 -0.18144 1.57465
-0.00980 -0.19146 1.57435
-0.00720 -0.19981 1.57446
-0.00477 -0.21109 1.57438
-0.00258 -0.22376 1.57478
0.00063 -0.23298 1.57544
0.00568 -0.23923 1.57593
0.01004 -0.24872 1.57690
0.01377 -0.26070 1.57782
0.01792 -0.26564 1.57893
0.02283 -0.26567 1.57985
0.02714 -0.27086 1.58050
0.03073 -0.27895 1.58100
0.03461 -0.27787 1.58094
0.03886 -0.26935 1.58090
0.04280 -0.26794 1.58078
0.04649 -0.27156 1.58075
0.04990 -0.26353 1.58034
0.05313 -0.24610 1.57991
0.05626 -0.23841 1.57929
0.05903 -0.23702 1.57876
0.06163 -0.22398 1.57812
0.06437 -0.20191 1.57739
0.06723 -0.18990 1.57641
0.06984 -0.18478 1.57547
0.07203 -0.16392 1.57479
0.07203 -0.16392 1.57479
0.07203 -0.16392 1.57479
0.07203 -0.16392 1.57479
0.07203 -0.16392 1.57479
0.07203 -0.16392 1.57479
0.07203 -0.16392 1.57479
0.07203 -0.16392 1.57479
0.07203 -0.16392 1.57479
0.07203 -0.16392 1.57479
0.07203 -0.16392 1.57479
0.07203 -0.16392 1.57479
0.07203 -0.16392 1.57479
0.07203 -0.16392 1.57479
0.07203 -0.16392 1.57479
0.07203 -0.16392 1.57479
0.07203 -0.16392 1.57479
0.07203 -0.16392 1.57479
0.07203 -0.16392 1.57479
0.07203 -0.16392 1.57479
0.07203 -0.16392 1.57479
0.07203 -0.16392 1.57479
0.07203 -0.16392 1.57479
0.07203 -0.16392 1.57479
0.07203 -0.16392 1.57479
0.07203 -0.16392 1.57479
0.07203 -0.16392 1.57479
0.07203 -0.16392 1.57479
0.07203 -0.16392 1.57479
0.07203 -0.16392 1.57479
0.07203 -0.16392 1.57479
0.07203 -0.16392 1.57479
0.07203 -0.16392 1.57479
0.07203 -0.16392 1.57479
0.07203 -0.16392 1.57479
0.07203 -0.16392 1.57479
0.07203 -0.16392 1.57479
0.10313 1.51986 1.57069
0.10313 1.51986 1.57069
0.10313 1.51986 1.57069
0.10313 1.51986 1.57069
0.10313 1.51986 1.57069
0.10313 1.51986 1.57069
0.10313 1.51986 1.57069
0.10313 1.51986 1.57069
0.10313 1.51986 1.57069
0.10313 1.51986 1.57069
0.10313 1.51986 1.57069
0.10313 1.51986 1.57069
0.10313 1.51986 1.57069
0.10313 1.51986 1.57069
0.10313 1.51986 1.57069
0.10313 1.51986 1.57069
0.10313 1.51986 1.57069
0.10313 1.51986 1.57069
0.10313 1.51986 1.57069
0.10313 1.51986 1.57069
0.10313 1.51986 1.57069
0.10313 1.51986 1.57069
0.10313 1.51986 1.57069
0.10313 1.51986 1.57069
0.10313 1.51986 1.57069
0.10313 1.51986 1.57069
0.10313 1.51986 1.57069
0.10313 1.51986 1.57069
0.10313 1.51986 1.57069
0.10313 1.51986 1.57069
0.10313 1.51986 1.57069
0.10313 1.51986 1.57069
0.10313 1.51986 1.57069
0.10313 1.51986 1.57069
0.10313 1.51986 1.57069
0.10313 1.51986 1.57069
0.04789 3.58311 1.54472
0.05059 3.62612 1.54337
0.04967 3.66846 1.54191
0.05408 3.71181 1.54130
0.05108 3.75406 1.54035
0.05624 3.79361 1.53965
0.05641 3.83845 1.53946
0.05860 3.88606 1.53805
0.05800 3.92832 1.53784
0.06055 3.97349 1.53848
0.06143 4.01245 1.53830
0.06412 4.05325 1.53672
0.06497 4.09265 1.53602
0.06258 4.13650 1.53582
0.06133 4.17754 1.53492
0.06466 4.22369 1.53396
0.06770 4.26263 1.53349
0.06899 4.30902 1.53202
0.06964 4.35196 1.53146
0.07227 4.39681 1.53025
0.07574 4.43979 1.53014
0.07381 4.48013 1.52837
0.07602 4.52213 1.52806
0.08184 4.56710 1.52725
0.08368 4.61237 1.52652
0.08029 4.65686 1.52578
0.08109 4.69891 1.52557
0.08365 4.74318 1.52353
0.08642 4.78524 1.52329
0.08853 4.82817 1.52168
0.09379 4.86888 1.52264
0.09933 4.91378 1.52160
0.10301 4.95668 1.52260
0.10093 5.00147 1.52385
0.10531 5.04186 1.52477
0.10760 5.08471 1.52366
0.11172 5.12568 1.52399
0.10931 5.16549 1.52228
0.11516 5.21074 1.52258
0.11517 5.25475 1.52087
0.11692 5.29893 1.52050
0.11619 5.34023 1.52029
0.12062 5.38148 1.51967
0.12189 5.42769 1.51809
0.12567 5.47179 1.51796
0.12683 5.51782 1.51722
0.13285 5.55586 1.51766
0.13366 5.60229 1.51668
0.14002 5.64209 1.51522
0.13537 5.68228 1.51457
0.14136 5.72616 1.51392
0.14061 5.76559 1.51262
0.14662 5.80935 1.51186
0.14853 5.85310 1.51231
0.15119 5.89955 1.51134
0.15123 5.94564 1.51076
0.15598 5.98663 1.50980
0.15967 6.03005 1.50960
0.16608 6.07122 1.50832
0.16718 6.11285 1.50779
0.17257 6.15652 1.50690
0.17551 6.19765 1.50726
0.18218 6.23989 1.50647
0.17789 6.28355 1.50515
0.18262 6.32801 1.50358
0.18399 6.37143 1.50376
0.19001 6.41395 1.50300
0.18858 6.45210 1.50254
0.19546 6.49665 1.50154
0.19524 6.53857 1.50088
0.20038 6.58326 1.50046
0.19985 6.62357 1.50009
0.20272 6.66626 1.49877
0.20105 6.70989 1.49828
0.20593 6.75407 1.49753
0.20621 6.79755 1.49792
0.21516 6.84118 1.49750
0.21622 6.88184 1.49674
0.22149 6.92314 1.49639
0.22294 6.96611 1.49580
0.22573 7.00841 1.49454
0.22571 7.05144 1.49465
0.23103 7.09572 1.49318
0.23426 7.13736 1.49320
0.23736 7.18227 1.49179
0.24119 7.22628 1.49169
0.24651 7.26962 1.49006
0.24862 7.31387 1.48960
0.25442 7.35851 1.48850
0.25679 7.40026 1.48766
0.25876 7.44574 1.48694
0.26333 7.49206 1.48653
0.26963 7.53329 1.48533
0.27406 7.57578 1.48550
0.27602 7.61726 1.48370
0.28230 7.65929 1.48376
0.28663 7.70228 1.48232
0.28854 7.74391 1.48107
0.29125 7.78737 1.48007
0.29567 7.82794 1.47914
0.29740 7.87328 1.47819
0.30246 7.91402 1.47730
0.30395 7.96129 1.47619
0.30999 8.00571 1.47642
0.31210 8.04335 1.47504
0.32001 8.08421 1.47431
0.32532 8.12837 1.47341
0.33357 8.17093 1.47279
0.33211 8.21830 1.47110
0.33786 8.25967 1.47014
0.34007 8.30362 1.47023
0.34745 8.34749 1.46925
0.34799 8.39142 1.46848
0.35650 8.43576 1.46803
0.35781 8.47939 1.46669
0.36793 8.51660 1.46658
0.36868 8.55918 1.46510
0.37523 8.60312 1.46421
0.38040 8.64614 1.46277
0.38975 8.68976 1.46191
0.39283 8.73274 1.46126
0.40055 8.77422 1.46039
0.40425 8.82047 1.45984
0.41127 8.86204 1.45934
0.41204 8.90692 1.45835
0.42410 8.95073 1.45699
0.42361 8.98929 1.45714
0.43150 9.03335 1.45577
0.43266 9.07492 1.45505
0.44114 9.11895 1.45419
0.44178 9.16191 1.45277
0.44613 9.20542 1.45183
0.44787 9.25067 1.45073
0.45769 9.29157 1.45078
0.46067 9.33609 1.44922
0.46866 9.37909 1.44792
0.47230 9.42051 1.44695
0.48319 9.46436 1.44640
0.48874 9.50880 1.44568
0.49200 9.55203 1.44392
0.49165 9.59618 1.44312
0.49918 9.64028 1.44132
0.50178 9.68184 1.44072
0.50988 9.72419 1.44011
0.51299 9.76717 1.43960
0.52012 9.80783 1.43884
0.52156 9.84859 1.43828
0.52946 9.89670 1.43723
0.53615 9.93983 1.43717
0.54264 9.98408 1.43549
0.54894 10.02776 1.43520
0.55497 10.06826 1.43444
0.56071 10.11009 1.43452
0.56619 10.15389 1.43275
0.57367 10.19617 1.43170
0.57843 10.23966 1.43101
0.58686 10.28230 1.43036
0.59156 10.32952 1.42933
0.59902 10.37250 1.42865
0.60426 10.41722 1.42688
0.61372 10.45822 1.42694
0.61956 10.50591 1.42677
0.62883 10.54919 1.42634
0.63195 10.59351 1.42526
0.64151 10.63544 1.42503
0.64917 10.68666 1.42430
0.65737 10.72822 1.42432
0.65946 10.76738 1.42359
0.67042 10.80917 1.42311
0.67366 10.85613 1.42285
0.68275 10.89950 1.42261
0.68600 10.94350 1.42169
0.69451 10.98452 1.42204
0.69556 11.02555 1.42092
0.70785 11.06634 1.42139
0.70722 11.11012 1.42046
0.71750 11.15259 1.41999
0.72302 11.19698 1.42011
0.73324 11.23975 1.41945
0.73646 11.28218 1.41916
0.74267 11.32611 1.41792
0.74985 11.37321 1.41707
0.75964 11.41873 1.41641
0.76420 11.46121 1.41523
0.77593 11.50572 1.41401
0.78220 11.55358 1.41370
0.79191 11.59909 1.41274
0.79635 11.64232 1.41193
0.80459 11.68624 1.41148
0.80628 11.72549 1.40957
0.81610 11.76726 1.40890
0.81910 11.81173 1.40779
0.82862 11.85725 1.40753
0.83365 11.90251 1.40699
0.84424 11.94531 1.40599
0.84610 11.98894 1.40426
0.85642 12.03388 1.40367
0.86245 12.07707 1.40274
0.87678 12.11705 1.40141
0.87935 12.16021 1.40120
0.89049 12.20464 1.39993
0.89569 12.24808 1.39891
0.90701 12.29139 1.39856
0.91126 12.33385 1.39662
0.92266 12.37926 1.39556
0.92841 12.42547 1.39574
0.94275 12.47334 1.39507
0.94691 12.51607 1.39391
0.96018 12.56223 1.39351
0.96440 12.60515 1.39315
0.97207 12.64704 1.39142
0.98001 12.68996 1.39136
0.98751 12.73510 1.39029
0.99275 12.77791 1.38939
1.00112 12.81961 1.38981
1.00963 12.86266 1.39089
1.02009 12.90786 1.38939
1.02585 12.94802 1.38889
1.03284 12.99537 1.38810
1.03997 13.03978 1.38758
1.04880 13.08629 1.38582
1.05922 13.13066 1.38586
1.06675 13.17209 1.38353
1.07663 13.21440 1.38235
1.08672 13.25983 1.38126
1.09727 13.30231 1.38036
1.10356 13.34476 1.37881
1.11361 13.38826 1.37804
1.11994 13.43681 1.37698
1.13080 13.48110 1.37738
1.13331 13.53099 1.37599
1.14584 13.57628 1.37584
1.15074 13.62265 1.37290
1.16365 13.66842 1.37321
1.16876 13.71382 1.37224
1.18145 13.75788 1.37040
1.18839 13.80510 1.36981
1.20085 13.84596 1.36917
1.20469 13.88815 1.36875
1.21912 13.92941 1.36841
1.22438 13.97321 1.36715
1.23751 14.01708 1.36798
1.24298 14.05996 1.36656
1.25993 14.10239 1.36548
1.26513 14.14752 1.36493
1.27905 14.19267 1.36517
1.28258 14.23385 1.36454
1.29529 14.27763 1.36368
1.30245 14.32425 1.36359
1.31264 14.36846 1.36204
1.31519 14.41441 1.36211
1.32771 14.45808 1.36202
1.33946 14.50026 1.36031
1.35248 14.54653 1.35961
1.35770 14.59001 1.35958
1.36759 14.63064 1.35899
1.37006 14.67471 1.35788
1.38332 14.71587 1.35782
1.38832 14.75886 1.35619
1.40098 14.80577 1.35718
1.40460 14.84774 1.35724
1.41671 14.88937 1.35614
1.42345 14.93086 1.35577
1.43922 14.97391 1.35562
1.44408 15.01486 1.35512
1.45614 15.06038 1.35578
1.46253 15.10412 1.35671
1.47466 15.14600 1.35647
1.48215 15.18730 1.35642
1.49647 15.23155 1.35803
1.50433 15.27383 1.35889
1.51436 15.31699 1.35806
1.52355 15.35977 1.35801
1.53454 15.40258 1.35853
1.54247 15.44764 1.35802
1.55218 15.49772 1.35682
1.55907 15.54240 1.35732
1.57043 15.58305 1.35601
1.57700 15.62733 1.35535
1.58975 15.66726 1.35504
1.59890 15.70998 1.35363
1.60893 15.75732 1.35302
1.62004 15.80005 1.35310
1.63126 15.84496 1.35200
1.64275 15.88606 1.35162
1.65006 15.93164 1.34999
1.66124 15.97638 1.35010
1.67026 16.01835 1.34833
1.68173 16.06129 1.34849
1.68705 16.10483 1.34698
1.69851 16.14584 1.34702
1.70222 16.19122 1.34499
1.71512 16.23335 1.34490
1.71843 16.27640 1.34298
1.73158 16.31747 1.34348
1.73857 16.36650 1.34078
1.75175 16.40911 1.34027
1.76100 16.45197 1.33940
1.77339 16.49421 1.33836
1.78373 16.53965 1.33791
1.79779 16.57947 1.33724
1.80471 16.62186 1.33575
1.82002 16.66201 1.33539
1.82788 16.70354 1.33425
1.84197 16.74504 1.33371
1.85154 16.78646 1.33245
1.86359 16.82821 1.33172
1.87012 16.87435 1.33031
1.88210 16.91608 1.32964
1.88744 16.96117 1.32934
1.90096 17.00066 1.32844
1.90646 17.04926 1.32785
1.91924 17.08966 1.32747
1.92533 17.13291 1.32581
1.94039 17.17225 1.32559
1.95323 17.21673 1.32459
1.96890 17.26165 1.32335
1.97680 17.30665 1.32226
1.99178 17.34963 1.32074
1.99632 17.39338 1.31895
2.01074 17.43906 1.31738
2.02277 17.48318 1.31494
2.03472 17.52855 1.31337
2.04091 17.57273 1.31114
2.05351 17.61364 1.30930
2.06470 17.65356 1.30727
2.07989 17.69294 1.30588
2.08731 17.73670 1.30287
2.10426 17.77737 1.30155
2.11340 17.82190 1.29864
2.12919 17.85874 1.29723
2.13819 17.90204 1.29427
2.15197 17.94582 1.29302
2.16272 17.98872 1.29091
2.17391 18.03182 1.28898
2.18220 18.07722 1.28653
2.19714 18.12366 1.28354
2.20705 18.16647 1.28120
2.22116 18.20593 1.27867
2.23109 18.25098 1.27557
2.24474 18.28865 1.27237
2.25555 18.33199 1.26850
2.27421 18.37331 1.26605
2.28722 18.41654 1.26233
2.29847 18.45804 1.25972
2.31316 18.50017 1.25756
2.32955 18.54154 1.25391
2.34472 18.58215 1.25254
2.35167 18.62249 1.24905
2.36691 18.66334 1.24688
2.38092 18.70522 1.24370
2.39790 18.74643 1.24177
2.41094 18.79183 1.23790
2.42616 18.83030 1.23600
2.43854 18.86594 1.23257
2.45511 18.90741 1.23041
2.46802 18.94815 1.22644
2.48691 18.98581 1.22319
2.49663 19.02650 1.21900
2.51520 19.06432 1.21456
2.52994 19.10987 1.20941
2.54905 19.15001 1.20536
2.56109 19.19261 1.19926
2.57942 19.23288 1.19470
2.59003 19.27543 1.18882
2.61006 19.31389 1.18461
2.62187 19.35685 1.17929
2.64091 19.39470 1.17569
2.65454 19.43725 1.16971
2.67151 19.47059 1.16536
2.68294 19.51184 1.16149
2.70216 19.54662 1.15674
2.72076 19.58951 1.15218
2.74041 19.62907 1.14828
2.75599 19.66873 1.14404
2.77952 19.70666 1.13991
2.79540 19.74845 1.13582
2.81438 19.78782 1.13156
2.83239 19.82840 1.12728
2.85439 19.86846 1.12260
2.86876 19.90684 1.11911
2.88973 19.94453 1.11534
2.90354 19.98680 1.11044
2.92605 20.02377 1.10639
2.93856 20.06339 1.10089
2.96049 20.09916 1.09664
2.98241 20.13906 1.09175
3.00577 20.17404 1.08699
3.02588 20.21615 1.08200
3.04767 20.25031 1.07759
3.07101 20.28941 1.07268
3.09511 20.32572 1.06875
3.11146 20.36435 1.06399
3.13363 20.39996 1.05807
3.15243 20.43700 1.05427
3.17530 20.47548 1.05021
3.19018 20.51706 1.04465
3.21502 20.55606 1.03867
3.23258 20.59696 1.03330
3.25744 20.62976 1.02855
3.27613 20.67049 1.02328
3.30015 20.70784 1.01891
3.32329 20.74588 1.01350
3.34895 20.77939 1.00784
3.37440 20.82050 1.00268
3.39743 20.85590 0.99678
3.42224 20.89652 0.99171
3.44481 20.93116 0.98572
3.47145 20.96938 0.98040
3.49704 21.00250 0.97398
3.52081 21.03894 0.96963
3.54379 21.07341 0.96343
3.56930 21.10910 0.95798
3.59348 21.14486 0.95290
3.61931 21.18228 0.94763
3.64682 21.21692 0.94275
3.67299 21.24846 0.93703
3.69599 21.28545 0.93182
3.72204 21.32060 0.92660
3.74511 21.35582 0.92045
3.77402 21.39002 0.91552
3.79391 21.42639 0.90933
3.82324 21.46361 0.90358
3.84722 21.49880 0.89718
3.87856 21.53317 0.89218
3.90193 21.57256 0.88576
3.93343 21.60531 0.88126
3.96145 21.63683 0.87529
3.99449 21.66776 0.87020
4.01686 21.70244 0.86552
4.04927 21.73017 0.86018
4.07195 21.76636 0.85452
4.10502 21.80113 0.84919
4.13088 21.83650 0.84400
4.16156 21.86744 0.83954
4.18642 21.89817 0.83468
4.22004 21.93015 0.83009
4.24625 21.96666 0.82324
4.27688 21.99819 0.81649
4.30593 22.03249 0.81132
4.34079 22.06007 0.80490
4.36512 22.09548 0.79956
4.39745 22.12515 0.79306
4.42880 22.15867 0.78573
4.46363 22.18509 0.77970
4.49131 22.21749 0.77358
4.52830 22.24755 0.76792
4.55898 22.27998 0.76131
4.58831 22.30467 0.75593
4.61473 22.33557 0.74956
4.64871 22.36629 0.74411
4.67801 22.39964 0.73852
4.71173 22.42737 0.73203
4.74330 22.46257 0.72568
4.77801 22.48885 0.72075
4.80758 22.52011 0.71438
4.84594 22.54692 0.70825
4.87609 22.57754 0.70278
4.91188 22.60106 0.69679
4.94155 22.62864 0.69074
4.97704 22.65420 0.68467
5.00700 22.68175 0.67936
5.03990 22.70646 0.67368
5.07120 22.73673 0.66756
5.10556 22.76310 0.66099
5.14057 22.79140 0.65580
5.17474 22.81428 0.64929
5.21173 22.84400 0.64417
5.24473 22.86787 0.63714
5.28347 22.89445 0.63127
5.31657 22.91643 0.62435
5.35429 22.94147 0.62023
5.38650 22.96676 0.61289
5.42084 22.99254 0.60782
5.44877 23.01957 0.60208
5.48381 23.04444 0.59686
5.51910 23.06858 0.59011
5.55676 23.09360 0.58461
5.59043 23.11597 0.57813
5.62753 23.13896 0.57278
5.66440 23.16191 0.56614
5.70620 23.18541 0.56182
5.74257 23.20508 0.55493
5.78450 23.22729 0.55057
5.81800 23.25683 0.54405
5.85607 23.28164 0.53865
5.88789 23.30655 0.53291
5.93001 23.32550 0.52709
5.96071 23.34691 0.52208
6.00304 23.36788 0.51648
6.04303 23.39155 0.50998
6.08821 23.41075 0.50524
6.12063 23.43698 0.49944
6.16467 23.45798 0.49359
6.20091 23.48447 0.48766
6.24576 23.50135 0.48220
6.28290 23.52349 0.47606
6.32757 23.54092 0.47078
6.36065 23.56506 0.46550
6.40188 23.58153 0.45969
6.43958 23.60696 0.45396
6.48279 23.62233 0.44901
6.52102 23.64508 0.44305
6.56277 23.66357 0.43645
6.59713 23.68320 0.43148
6.63820 23.69928 0.42503
6.67772 23.71879 0.41953
6.71949 23.73368 0.41362
6.76224 23.75503 0.40682
6.80307 23.77147 0.40000
6.84425 23.78952 0.39501
6.88738 23.80579 0.38859
6.92928 23.82482 0.38129
6.97295 23.83868 0.37486
7.01087 23.85744 0.36853
7.05397 23.86871 0.36242
7.09356 23.88683 0.35596
7.13529 23.90136 0.34913
7.17468 23.91961 0.34312
7.21627 23.93482 0.33735
7.26074 23.95622 0.33137
7.30246 23.97192 0.32380
7.35014 23.98891 0.31732
7.39401 23.99844 0.31072
7.43874 24.01248 0.30462
7.47945 24.02413 0.29771
7.52637 24.03791 0.29136
7.57026 24.04874 0.28403
7.61572 24.06195 0.27835
7.65813 24.07404 0.27031
7.70597 24.08424 0.26477
7.74706 24.09677 0.25686
7.79116 24.11178 0.25017
7.83362 24.12331 0.24318
7.87880 24.13513 0.23754
7.91948 24.14086 0.22959
7.96653 24.15230 0.22325
8.00591 24.16567 0.21523
8.05606 24.17355 0.21013
8.09754 24.18049 0.20236
8.14859 24.18813 0.19769
8.18906 24.20149 0.18899
8.23541 24.21121 0.18228
8.27692 24.22308 0.17585
8.32581 24.22747 0.17079
8.36924 24.23861 0.16123
8.41808 24.24394 0.15622
8.46373 24.25084 0.14889
8.51115 24.25645 0.14266
8.54992 24.26899 0.13550
8.59941 24.26893 0.13063
8.63585 24.28034 0.12208
8.68417 24.28657 0.11501
8.72750 24.29545 0.10906
8.77512 24.29890 0.10264
8.81643 24.30666 0.09494
8.86501 24.30783 0.08936
8.90621 24.31250 0.08133
8.95354 24.31486 0.07381
8.99359 24.31813 0.06717
9.03951 24.31774 0.06040
9.08485 24.31953 0.05276
9.13072 24.31930 0.04621
9.17617 24.32443 0.03943
9.22385 24.32279 0.03246
9.27137 24.32489 0.02641
9.31459 24.32362 0.01982
9.35851 24.32683 0.01279
9.40526 24.32663 0.00596
9.44747 24.33158 -0.00100
9.49164 24.32974 -0.00773
9.53286 24.33394 -0.01479
9.57727 24.33259 -0.02267
9.62220 24.33346 -0.02859
9.67287 24.32898 -0.03628
9.71904 24.32871 -0.04290
9.76357 24.32540 -0.05037
9.80970 24.32731 -0.05667
9.85679 24.32480 -0.06465
9.90298 24.32179 -0.07069
9.94887 24.31639 -0.07771
9.99155 24.31459 -0.08513
10.03500 24.30919 -0.09281
10.08335 24.30516 -0.09884
10.12933 24.29818 -0.10660
10.17422 24.29544 -0.11297
10.21768 24.28729 -0.12128
10.26532 24.28285 -0.12814
10.30887 24.27435 -0.13591
10.35263 24.27111 -0.14256
10.39654 24.26365 -0.15046
10.44324 24.25752 -0.15689
10.48350 24.24877 -0.16521
10.52795 24.24383 -0.17176
10.57390 24.23361 -0.17961
10.61913 24.22856 -0.18605
10.66182 24.22018 -0.19545
10.70923 24.21085 -0.20175
10.75145 24.19865 -0.20980
10.79956 24.18699 -0.21575
10.84219 24.18060 -0.22484
10.89121 24.16737 -0.23063
10.93143 24.15880 -0.24026
10.97977 24.14670 -0.24633
11.02193 24.14486 -0.25561
11.07097 24.13201 -0.26100
11.11324 24.12029 -0.26931
11.16271 24.10598 -0.27553
11.20042 24.09941 -0.28381
11.24896 24.08539 -0.28880
11.28939 24.06958 -0.29798
11.33812 24.05190 -0.30322
11.37884 24.03670 -0.31123
11.42876 24.01888 -0.31665
11.46694 24.00788 -0.32604
11.51335 23.98985 -0.33178
11.55025 23.97751 -0.33940
11.59656 23.95995 -0.34523
11.63675 23.94678 -0.35258
11.68583 23.93079 -0.35903
11.72579 23.91940 -0.36602
11.77024 23.90138 -0.37234
11.81143 23.88827 -0.37955
11.85574 23.86879 -0.38638
11.90100 23.85249 -0.39280
11.94754 23.83313 -0.39994
11.98831 23.81825 -0.40735
12.03099 23.79870 -0.41371
12.07317 23.77928 -0.42022
12.11550 23.75787 -0.42742
12.15607 23.73934 -0.43430
12.19828 23.71934 -0.44133
12.23777 23.70355 -0.44778
12.27864 23.68280 -0.45550
12.32048 23.66032 -0.46137
12.36292 23.64021 -0.46915
12.40462 23.61809 -0.47546
12.44777 23.59531 -0.48261
12.48817 23.57307 -0.48892
12.52672 23.55406 -0.49708
12.56846 23.53150 -0.50362
12.60835 23.51020 -0.51040
12.65060 23.49010 -0.51651
12.68861 23.46655 -0.52450
12.72923 23.44312 -0.53066
12.77035 23.42116 -0.53903
12.81215 23.39918 -0.54483
12.84900 23.37442 -0.55203
12.88986 23.34984 -0.55857
12.92585 23.32551 -0.56774
12.96713 23.30223 -0.57485
13.00309 23.27437 -0.58236
13.04177 23.25075 -0.58974
13.07784 23.22691 -0.59847
13.11916 23.19891 -0.60554
13.15472 23.17542 -0.61521
13.19438 23.15103 -0.62346
13.22968 23.12203 -0.63309
13.27021 23.09500 -0.64070
13.30140 23.06828 -0.65034
13.34224 23.03909 -0.65742
13.37505 23.01630 -0.66787
13.41485 22.98607 -0.67536
13.44601 22.95929 -0.68532
13.48516 22.92993 -0.69240
13.51668 22.90490 -0.70303
13.55664 22.87447 -0.71024
13.58903 22.84354 -0.72024
13.62911 22.81175 -0.72793
13.65759 22.78000 -0.73794
13.69592 22.74675 -0.74544
13.72637 22.72043 -0.75663
13.76396 22.68912 -0.76359
13.79141 22.65923 -0.77406
13.82718 22.62439 -0.78131
13.85464 22.59399 -0.79053
13.88839 22.55940 -0.79803
13.91253 22.52940 -0.80713
13.94750 22.49612 -0.81559
13.97724 22.46220 -0.82504
14.01086 22.42826 -0.83327
14.03970 22.39741 -0.84156
14.07636 22.36413 -0.84979
14.10591 22.33272 -0.85834
14.13775 22.29867 -0.86679
14.16235 22.26242 -0.87561
14.19137 22.22630 -0.88283
14.22029 22.19277 -0.89215
14.25060 22.15798 -0.90001
14.27869 22.12026 -0.90888
14.30408 22.08449 -0.91752
14.32860 22.05056 -0.92644
14.35673 22.01225 -0.93413
14.38500 21.97617 -0.94326
14.41044 21.93845 -0.95195
14.43637 21.89992 -0.95912
14.46404 21.86198 -0.96880
14.49029 21.82518 -0.97700
14.51715 21.78864 -0.98535
14.54080 21.75452 -0.99235
14.56347 21.71722 -1.00105
14.58623 21.67899 -1.00829
14.61136 21.64470 -1.01725
14.63488 21.60629 -1.02470
14.65937 21.56751 -1.03324
14.68385 21.53025 -1.03982
14.70774 21.49522 -1.04844
14.73137 21.45778 -1.05460
14.75251 21.42211 -1.06250
14.77109 21.38816 -1.06924
14.78859 21.34997 -1.07729
14.80928 21.30993 -1.08277
14.82704 21.27151 -1.09048
14.84860 21.23452 -1.09750
14.86998 21.19632 -1.10497
14.89116 21.15831 -1.10988
14.90533 21.11906 -1.11722
14.92590 21.08233 -1.12408
14.93993 21.04541 -1.13087
14.96253 21.00487 -1.13638
14.97751 20.97075 -1.14318
14.99688 20.93084 -1.14857
15.01528 20.89060 -1.15735
15.03428 20.84903 -1.16284
15.04693 20.80710 -1.17031
15.06690 20.76748 -1.17547
15.08395 20.73156 -1.18307
15.10183 20.68893 -1.18797
15.11561 20.65206 -1.19532
15.13231 20.61245 -1.20050
15.14971 20.57319 -1.20747
15.16514 20.53254 -1.21107
15.17907 20.49538 -1.21879
15.19397 20.45574 -1.22385
15.21048 20.41420 -1.23096
15.22425 20.37179 -1.23396
15.23756 20.33474 -1.24247
15.25092 20.29219 -1.24745
15.26212 20.25211 -1.25405
15.27551 20.21139 -1.25875
15.28648 20.17432 -1.26594
15.29714 20.13116 -1.27030
15.31121 20.09504 -1.27753
15.32140 20.05642 -1.28291
15.33438 20.01438 -1.28787
15.34506 19.97365 -1.29306
15.36112 19.93100 -1.30015
15.36828 19.88825 -1.30519
15.38030 19.84820 -1.31243
15.38845 19.80792 -1.31696
15.40206 19.76707 -1.32367
15.40838 19.72679 -1.32931
15.41847 19.68584 -1.33618
15.42675 19.64149 -1.34271
15.44130 19.59811 -1.34820
15.44805 19.55740 -1.35502
15.46242 19.51749 -1.36134
15.46884 19.47650 -1.36801
15.48340 19.43530 -1.37460
15.48735 19.39546 -1.38091
15.49712 19.35234 -1.38719
15.50287 19.31376 -1.39396
15.51481 19.27236 -1.39948
15.51871 19.23429 -1.40603
15.52647 19.19097 -1.40997
15.52955 19.15186 -1.41624
15.53795 19.10796 -1.42125
15.54162 19.06538 -1.42597
15.55089 19.02500 -1.43003
15.55422 18.98536 -1.43577
15.56275 18.94406 -1.43966
15.56788 18.90123 -1.44537
15.57746 18.85929 -1.44942
15.58302 18.81763 -1.45582
15.58698 18.77653 -1.45902
15.58582 18.73484 -1.46480
15.59361 18.69158 -1.46802
15.59780 18.65301 -1.47382
15.60326 18.61203 -1.47666
15.60260 18.57151 -1.48241
15.60782 18.53240 -1.48547
15.60804 18.48774 -1.49165
15.61454 18.44726 -1.49593
15.61700 18.40436 -1.50161
15.62139 18.36596 -1.50503
15.62176 18.32329 -1.51083
15.62753 18.28008 -1.51444
15.63104 18.23627 -1.52142
15.63143 18.19597 -1.52404
15.63161 18.15405 -1.53053
15.63749 18.11261 -1.53414
15.63882 18.07081 -1.54092
15.64259 18.02800 -1.54525
15.64319 17.98238 -1.55195
15.64064 17.93950 -1.55494
15.63973 17.89680 -1.56071
15.64444 17.85393 -1.56598
15.64405 17.81526 -1.57151
15.64465 17.77116 -1.57583
15.64764 17.72283 -1.58166
15.64838 17.68098 -1.58639
15.64727 17.64064 -1.59178
15.64534 17.60041 -1.59590
15.64162 17.55740 -1.60248
15.63889 17.51462 -1.60647
15.63612 17.47167 -1.61222
15.63206 17.42920 -1.61655
15.63259 17.38699 -1.62330
15.63019 17.34562 -1.62723
15.62853 17.30298 -1.63306
15.62551 17.26115 -1.63812
15.62398 17.21951 -1.64379
15.62066 17.18140 -1.64858
15.61838 17.13953 -1.65289
15.61450 17.10255 -1.65706
15.61477 17.06455 -1.66065
15.60776 17.02663 -1.66542
15.60507 16.98604 -1.66905
15.59847 16.94483 -1.67324
15.59493 16.90253 -1.67654
15.58844 16.86729 -1.68131
15.58515 16.82439 -1.68413
15.58089 16.78529 -1.68871
15.57988 16.74327 -1.69249
15.57836 16.70503 -1.69765
15.57369 16.66703 -1.70053
15.56631 16.62933 -1.70478
15.56537 16.58823 -1.70812
15.55731 16.54873 -1.71232
15.55185 16.50826 -1.71496
15.54534 16.46897 -1.72071
15.54108 16.42820 -1.72365
15.53126 16.39011 -1.72875
15.52706 16.35095 -1.73078
15.51946 16.31073 -1.73582
15.51217 16.27173 -1.73862
15.50260 16.23348 -1.74375
15.49821 16.18970 -1.74668
15.48999 16.15298 -1.75095
15.48386 16.11392 -1.75365
15.47980 16.07315 -1.75988
15.47108 16.03236 -1.76038
15.46486 15.99296 -1.76561
15.45713 15.95377 -1.76740
15.44890 15.91560 -1.77268
15.44199 15.87495 -1.77443
15.43184 15.83729 -1.77922
15.42622 15.79925 -1.78159
15.41832 15.75994 -1.78574
15.41236 15.71960 -1.78829
15.40564 15.68265 -1.79335
15.39776 15.64470 -1.79386
15.39103 15.60469 -1.79949
15.37985 15.56385 -1.80037
15.37026 15.52451 -1.80654
15.35863 15.48325 -1.80797
15.34945 15.44539 -1.81235
15.33982 15.40426 -1.81435
15.33143 15.36813 -1.81971
15.32111 15.32650 -1.82140
15.31113 15.28759 -1.82625
15.29793 15.24983 -1.82818
15.28761 15.21335 -1.83262
15.27978 15.17427 -1.83519
15.26639 15.13738 -1.83857
15.25624 15.09662 -1.83891
15.24389 15.05959 -1.84418
15.23122 15.01756 -1.84656
15.22171 14.97627 -1.85041
15.21025 14.93535 -1.85265
15.19739 14.89632 -1.85624
15.18674 14.85739 -1.85840
15.17555 14.82178 -1.86154
15.16273 14.78633 -1.86420
15.15547 14.74971 -1.86678
15.14323 14.71456 -1.86928
15.13204 14.67560 -1.87160
15.11574 14.64025 -1.87397
15.10494 14.59819 -1.87517
15.08961 14.56279 -1.87801
15.08138 14.51784 -1.87976
15.06752 14.47915 -1.88195
15.05922 14.43906 -1.88384
15.04272 14.40294 -1.88401
15.03291 14.36327 -1.88503
15.01968 14.32912 -1.88563
15.01183 14.29242 -1.88459
14.99924 14.26057 -1.88453
14.99032 14.22586 -1.88206
14.97643 14.19425 -1.88073
14.96767 14.15425 -1.87739
14.95677 14.11684 -1.87515
14.94723 14.07896 -1.87136
14.93087 14.04415 -1.86946
14.92101 14.00565 -1.86536
14.90658 13.97360 -1.86373
14.90074 13.93140 -1.86106
14.89019 13.89750 -1.86124
14.88061 13.85955 -1.85895
14.86505 13.82431 -1.85886
14.85672 13.78930 -1.85771
14.84558 13.75467 -1.85874
14.83444 13.71498 -1.85598
14.82142 13.67606 -1.85581
14.80986 13.63412 -1.85267
14.79522 13.59654 -1.84991
14.78754 13.55815 -1.84736
14.77584 13.52203 -1.84381
14.76635 13.48614 -1.83840
14.75307 13.45346 -1.83621
14.74741 13.42120 -1.83166
14.73932 13.39253 -1.82995
14.73353 13.36093 -1.82551
14.72339 13.33394 -1.82447
14.71721 13.29883 -1.82096
14.70834 13.27088 -1.81995
14.69989 13.23616 -1.81722
14.69151 13.20511 -1.81608
14.68220 13.16967 -1.81326
14.67344 13.13688 -1.81254
14.66690 13.10378 -1.81053
14.65941 13.06848 -1.81001
14.65141 13.03705 -1.80693
14.64392 13.00631 -1.80602
14.63699 12.97321 -1.80234
14.62933 12.94235 -1.80208
14.62356 12.91268 -1.79973
14.61203 12.88330 -1.79895
14.60430 12.85172 -1.79632
14.59733 12.82165 -1.79488
14.58855 12.78943 -1.79211
14.57546 12.75729 -1.79048
14.57043 12.72569 -1.78858
14.56568 12.69722 -1.78749
14.56055 12.66901 -1.78612
14.55275 12.64362 -1.78339
14.54809 12.62293 -1.78267
14.54675 12.59982 -1.78155
14.53987 12.57656 -1.77992
14.53560 12.55127 -1.77846
14.52699 12.52591 -1.77774
14.52717 12.49931 -1.77737
14.52073 12.47803 -1.77592
14.52250 12.45653 -1.77511
14.51544 12.43531 -1.77640
14.51229 12.41046 -1.77637
14.50521 12.38652 -1.77727
14.50256 12.36081 -1.77711
14.49348 12.33665 -1.77706
14.49056 12.31061 -1.77680
14.48525 12.29018 -1.77884
14.48253 12.26647 -1.77822
14.47552 12.24723 -1.77924
14.47545 12.22582 -1.77930
14.47055 12.20803 -1.78055
14.46922 12.18672 -1.78039
14.46005 12.16419 -1.78093
14.45591 12.14024 -1.78104
14.44652 12.11941 -1.78192
14.44442 12.09626 -1.78255
14.43888 12.07557 -1.78359
14.43820 12.05467 -1.78272
14.43466 12.03357 -1.78445
14.43024 12.00911 -1.78378
14.42447 11.98932 -1.78530
14.41969 11.96545 -1.78456
14.41052 11.94334 -1.78559
14.40828 11.92076 -1.78554
14.40321 11.89975 -1.78679
14.40106 11.87767 -1.78538
14.39314 11.85803 -1.78602
14.39119 11.83500 -1.78595
14.38560 11.81502 -1.78801
14.38014 11.79231 -1.78721
14.37122 11.77106 -1.78859
14.36439 11.74760 -1.78784
14.35728 11.72643 -1.78979
14.35474 11.70608 -1.78886
14.34799 11.68825 -1.79062
14.34357 11.66683 -1.79002
14.33776 11.64775 -1.79220
14.33321 11.62632 -1.79063
14.32861 11.60818 -1.79159
14.32519 11.58597 -1.79100
14.32318 11.56879 -1.79228
14.31960 11.55006 -1.79171
14.31774 11.53599 -1.79380
14.31405 11.51888 -1.79290
14.30824 11.50131 -1.79368
14.30222 11.48490 -1.79282
14.29984 11.46745 -1.79428
14.29417 11.44849 -1.79370
14.28948 11.43201 -1.79460
14.28849 11.41304 -1.79407
14.28825 11.39527 -1.79543
14.28471 11.37949 -1.79534
14.28002 11.36419 -1.79577
14.27447 11.34699 -1.79542
14.27266 11.33072 -1.79591
14.26507 11.31370 -1.79741
14.26022 11.29353 -1.79702
14.25251 11.27504 -1.79737
14.24948 11.25500 -1.79713
14.24439 11.23752 -1.79741
14.24167 11.22173 -1.79737
14.23612 11.20592 -1.79835
14.23557 11.19208 -1.79823
14.23081 11.17823 -1.79820
14.23229 11.16190 -1.79917
14.22551 11.14535 -1.79940
14.22482 11.12791 -1.80021
14.21798 11.11322 -1.79985
14.21948 11.09774 -1.80009
14.21551 11.08779 -1.80003
14.21742 11.07932 -1.80032
14.21225 11.07298 -1.80081
14.21166 11.06766 -1.80009
14.20734 11.06071 -1.80165
14.20684 11.05068 -1.80076
14.20395 11.04459 -1.80068
14.20478 11.03936 -1.80128
14.19976 11.03276 -1.80204
14.19954 11.02329 -1.80073
14.19487 11.01621 -1.80238
14.19680 11.01299 -1.80130
14.19217 11.01198 -1.80232
14.19309 11.00539 -1.80212
14.18994 11.00156 -1.80255
14.19099 10.99321 -1.80195
14.18779 10.98856 -1.80288
14.18826 10.98108 -1.80250
14.18375 10.97760 -1.80294
14.18333 10.97085 -1.80173
14.17970 10.96590 -1.80347
14.18405 10.96022 -1.80189
14.18494 10.95506 -1.80367
14.18142 10.94832 -1.80207
14.17860 10.94373 -1.80363
14.17832 10.93542 -1.80269
14.17772 10.93156 -1.80363
14.17817 10.92492 -1.80295
14.17626 10.92175 -1.80402
14.17462 10.91552 -1.80261
14.16906 10.90995 -1.80390
14.17027 10.90197 -1.80342
14.16624 10.89750 -1.80432
14.16498 10.89152 -1.80369
14.16231 10.88570 -1.80493
14.16237 10.87664 -1.80348
14.15900 10.87419 -1.80472
14.15895 10.86743 -1.80326
14.15916 10.86333 -1.80440
14.15800 10.85721 -1.80486
14.15812 10.85538 -1.80486
14.15677 10.84713 -1.80437
14.15404 10.84258 -1.80469
14.14965 10.83137 -1.80393
14.14782 10.82569 -1.80516
14.14728 10.81699 -1.80456
14.14835 10.81448 -1.80561
14.14495 10.80865 -1.80489
14.14400 10.80635 -1.80556
14.14126 10.80017 -1.80568
14.14091 10.79871 -1.80574
14.13716 10.79237 -1.80593
14.13731 10.78543 -1.80566
14.13540 10.78029 -1.80640
14.13511 10.77458 -1.80648
14.13267 10.76543 -1.80644
14.13649 10.75750 -1.80633
14.13166 10.75197 -1.80679
14.13505 10.74324 -1.80683
14.12969 10.73750 -1.80695
14.12890 10.72867 -1.80684
14.12574 10.72130 -1.80725
14.12498 10.71222 -1.80681
14.12013 10.70522 -1.80731
14.12120 10.69750 -1.80744
14.11781 10.69062 -1.80833
14.11817 10.68402 -1.80745
14.11193 10.67712 -1.80806
14.11474 10.66921 -1.80804
14.10916 10.66568 -1.80796
14.11104 10.65661 -1.80735
14.10914 10.64883 -1.80861
14.10803 10.63623 -1.80806
14.10216 10.62781 -1.80908
14.10085 10.61554 -1.80881
14.09737 10.60784 -1.81005
14.09758 10.59649 -1.80946
14.09631 10.58704 -1.80993
14.09652 10.57393 -1.80942
14.09323 10.56318 -1.81098
14.08992 10.54748 -1.80956
14.08381 10.53363 -1.81054
14.08330 10.51615 -1.81007
14.07683 10.49786 -1.81093
14.07320 10.47916 -1.81090
14.06624 10.46030 -1.81135
14.06106 10.43820 -1.81121
14.05357 10.41802 -1.81235
14.04794 10.39267 -1.81112
14.04169 10.37496 -1.81265
14.03882 10.35098 -1.81217
14.03258 10.33315 -1.81462
14.02767 10.31051 -1.81374
14.01794 10.29239 -1.81454
14.01159 10.27079 -1.81321
14.00733 10.25241 -1.81578
14.00132 10.23181 -1.81387
13.99655 10.21551 -1.81541
13.99317 10.19766 -1.81497
13.98755 10.18242 -1.81630
13.98407 10.16106 -1.81532
13.97816 10.14519 -1.81654
13.97381 10.12475 -1.81607
13.96963 10.10388 -1.81782
13.96537 10.08001 -1.81727
13.96074 10.05756 -1.81936
13.95280 10.03376 -1.81771
13.94829 10.01222 -1.81919
13.94267 9.98664 -1.81822
13.93309 9.96708 -1.81937
13.92754 9.94079 -1.81937
13.91928 9.91969 -1.82057
13.91198 9.89507 -1.82086
13.90873 9.87310 -1.82145
13.90362 9.85030 -1.82149
13.89765 9.82700 -1.82169
13.89183 9.80208 -1.82201
13.88694 9.78153 -1.82205
13.87795 9.75622 -1.82176
13.87575 9.73375 -1.82320
13.86919 9.71269 -1.82353
13.86268 9.69076 -1.82323
13.85627 9.66569 -1.82375
13.85302 9.64582 -1.82391
13.84758 9.62338 -1.82510
13.84478 9.59895 -1.82473
13.83460 9.57517 -1.82457
13.83407 9.55163 -1.82531
13.82355 9.52883 -1.82648
13.81796 9.50775 -1.82552
13.80957 9.48703 -1.82668
13.80737 9.46166 -1.82683
13.79767 9.43791 -1.82794
13.79161 9.41294 -1.82726
13.78625 9.38963 -1.82868
13.77976 9.36464 -1.82830
13.77153 9.34206 -1.83007
13.76885 9.31925 -1.82987
13.76339 9.29587 -1.83157
13.75861 9.27131 -1.83071
13.75058 9.25037 -1.83163
13.74632 9.22610 -1.83134
13.73670 9.20133 -1.83299
13.73018 9.17534 -1.83223
13.72197 9.15172 -1.83396
13.71637 9.12349 -1.83322
13.70742 9.09922 -1.83464
13.70213 9.07426 -1.83397
13.69251 9.05097 -1.83545
13.68560 9.02135 -1.83513
13.67703 8.99679 -1.83619
13.67379 8.96736 -1.83547
13.66808 8.94341 -1.83724
13.66155 8.91430 -1.83635
13.65258 8.89085 -1.83811
13.64730 8.86087 -1.83716
13.63777 8.83620 -1.83859
13.62972 8.80483 -1.83752
13.62193 8.78327 -1.83968
13.61930 8.75169 -1.83968
13.61091 8.72651 -1.84027
13.60397 8.69479 -1.84018
13.59496 8.66848 -1.84150
13.58637 8.63988 -1.84066
13.57881 8.61415 -1.84307
13.56986 8.58174 -1.84179
13.56152 8.55590 -1.84329
13.55394 8.52521 -1.84333
13.54723 8.49826 -1.84434
13.53825 8.46471 -1.84403
13.52762 8.43337 -1.84514
13.51855 8.39899 -1.84533
13.50783 8.36713 -1.84567
13.49927 8.33259 -1.84621
13.48718 8.30027 -1.84667
13.47969 8.26873 -1.84732
13.47119 8.23566 -1.84804
13.46183 8.20122 -1.84787
13.45105 8.16981 -1.84887
13.44179 8.13836 -1.84841
13.43434 8.10532 -1.85004
13.42303 8.06901 -1.85099
13.41405 8.03320 -1.85186
13.40114 7.99622 -1.85088
13.38935 7.96096 -1.85122
13.37715 7.92407 -1.85272
13.36729 7.88547 -1.85302
13.35633 7.84797 -1.85404
13.34556 7.80814 -1.85489
13.33308 7.76994 -1.85755
13.32480 7.73196 -1.85911
13.31497 7.69889 -1.86159
13.30790 7.66021 -1.86335
13.29406 7.62395 -1.86546
13.28670 7.58855 -1.86790
13.27475 7.55668 -1.87045
13.26378 7.51742 -1.87063
13.25166 7.48134 -1.87396
13.24211 7.44264 -1.87581
13.22888 7.40778 -1.87768
13.21629 7.37130 -1.87665
13.20495 7.33713 -1.87885
13.19263 7.30088 -1.87806
13.18040 7.26722 -1.87843
13.17032 7.23062 -1.87557
13.15775 7.19838 -1.87391
13.14953 7.16157 -1.87151
13.13767 7.12967 -1.86927
13.12784 7.09326 -1.86414
13.11488 7.06022 -1.86239
13.10734 7.02243 -1.85910
13.09996 6.99000 -1.85764
13.08847 6.95342 -1.85547
13.07665 6.91900 -1.85601
13.06751 6.88134 -1.85472
13.05352 6.84664 -1.85547
13.04369 6.80706 -1.85493
13.03168 6.77307 -1.85574
13.02331 6.73566 -1.85514
13.01118 6.69941 -1.85629
12.99947 6.65795 -1.85574
12.98242 6.61794 -1.85573
12.97443 6.57562 -1.85493
12.96275 6.54011 -1.85595
12.95469 6.50078 -1.85314
12.93843 6.46478 -1.85250
12.93014 6.42313 -1.84917
12.91678 6.38867 -1.84558
12.91023 6.34807 -1.84261
12.89344 6.31074 -1.83977
12.88461 6.27383 -1.83501
12.87358 6.23919 -1.83351
12.86441 6.20300 -1.83241
12.85287 6.16754 -1.82913
12.84347 6.12874 -1.82770
12.83571 6.09062 -1.82846
12.82640 6.05312 -1.82674
12.81764 6.01861 -1.82628
12.80727 5.98126 -1.82544
12.79987 5.94473 -1.82684
12.79031 5.90731 -1.82637
12.78117 5.86936 -1.82677
12.76804 5.83224 -1.82567
12.75526 5.79872 -1.82463
12.74766 5.76137 -1.82327
12.74010 5.72473 -1.82086
12.72921 5.68786 -1.81730
12.71785 5.65323 -1.81433
12.71008 5.61511 -1.81308
12.69995 5.57868 -1.81030
12.69110 5.54225 -1.80915
12.68209 5.50037 -1.80757
12.67136 5.46134 -1.80679
12.66391 5.42515 -1.80496
12.65450 5.38558 -1.80572
12.64504 5.34459 -1.80541
12.63284 5.30566 -1.80584
12.62356 5.26498 -1.80530
12.61447 5.22747 -1.80378
12.60584 5.18421 -1.80033
12.59321 5.14341 -1.79822
12.58566 5.10292 -1.79439
12.57522 5.06383 -1.79147
12.56778 5.02088 -1.78701
12.55528 4.98085 -1.78272
12.54909 4.93847 -1.77714
12.53924 4.89836 -1.77333
12.53359 4.85658 -1.76778
12.52300 4.81542 -1.76358
12.51539 4.77233 -1.75838
12.50503 4.73226 -1.75568
12.49818 4.68930 -1.75127
12.48981 4.64950 -1.74869
12.48231 4.60741 -1.74516
12.47299 4.56619 -1.74435
12.46793 4.52379 -1.74183
12.46004 4.48234 -1.74104
12.45289 4.44052 -1.73961
12.44338 4.40288 -1.74118
12.43696 4.36233 -1.74131
12.42901 4.32873 -1.74260
12.42190 4.29013 -1.74228
12.41517 4.25088 -1.74371
12.41095 4.21131 -1.74357
12.40243 4.17343 -1.74614
12.39842 4.13788 -1.74567
12.39064 4.11063 -1.74712
12.38972 4.08155 -1.74724
12.37995 4.05586 -1.74816
12.37666 4.02673 -1.74840
12.37097 4.00571 -1.75023
12.36876 3.98465 -1.75012
12.36259 3.96579 -1.75108
12.36308 3.94680 -1.75117
12.35757 3.93181 -1.75185
12.35795 3.91949 -1.75095
12.35660 3.91062 -1.75206
12.35679 3.89566 -1.75195
12.35174 3.88162 -1.75137
12.34934 3.86749 -1.75104
12.34308 3.85349 -1.75265
12.33949 3.83892 -1.75174
12.33615 3.82163 -1.75199
12.33233 3.80394 -1.75199
12.32794 3.78593 -1.75239
12.32643 3.76697 -1.75349
12.31955 3.74824 -1.75370
12.31868 3.73111 -1.75295
12.31891 3.71043 -1.75400
12.31604 3.68918 -1.75401
12.31304 3.67293 -1.75369
12.30929 3.65311 -1.75360
12.30722 3.63262 -1.75552
12.30311 3.61584 -1.75492
12.29830 3.59604 -1.75615
12.29416 3.57875 -1.75627
12.29096 3.55849 -1.75685
12.28637 3.54135 -1.75748
12.28198 3.52113 -1.75719
12.27597 3.50214 -1.75754
12.27371 3.48445 -1.75650
12.27168 3.47153 -1.75747
12.26996 3.45912 -1.75669
12.26877 3.44976 -1.75805
12.26929 3.44088 -1.75717
12.26665 3.43491 -1.75736
12.26676 3.42893 -1.75681
12.26660 3.42942 -1.75763
12.26804 3.42740 -1.75724
12.26932 3.43132 -1.75841
12.27102 3.43152 -1.75771
12.26712 3.43421 -1.75772
12.27043 3.43421 -1.75697
12.26823 3.43557 -1.75722
12.26769 3.43120 -1.75686
12.26571 3.42917 -1.75835
12.26559 3.42755 -1.75725
12.26853 3.42879 -1.75841
12.27209 3.42826 -1.75806
12.27057 3.43039 -1.75822
12.27230 3.43122 -1.75701
12.27256 3.43148 -1.75829
12.27423 3.43253 -1.75743
12.27134 3.43260 -1.75802
12.27512 3.43299 -1.75713
12.27657 3.43406 -1.75799
12.27595 3.43068 -1.75696
12.27222 3.43135 -1.75807
12.26963 3.42973 -1.75719
12.26768 3.42920 -1.75865
12.26656 3.42642 -1.75766
12.26185 3.42673 -1.75804
12.26190 3.42706 -1.75714
12.26012 3.43007 -1.75743
12.26075 3.42825 -1.75655
12.25914 3.42789 -1.75869
12.26257 3.42695 -1.75825
12.26269 3.42744 -1.75780
12.26416 3.42792 -1.75783
12.26447 3.43091 -1.75771
12.26646 3.42856 -1.75811
12.26250 3.42923 -1.75754
12.26336 3.42744 -1.75762
12.26297 3.42813 -1.75826
12.26583 3.43062 -1.75827
12.26484 3.43092 -1.75753
12.26756 3.43171 -1.75784
12.26152 3.42990 -1.75771
12.25975 3.43131 -1.75732
12.26235 3.42761 -1.75848
12.26078 3.42740 -1.75822
12.25875 3.42762 -1.75763
12.25935 3.42693 -1.75804
12.25890 3.42709 -1.75772
12.25865 3.42996 -1.75801
12.26213 3.43042 -1.75799
12.26304 3.42911 -1.75896
12.26605 3.42942 -1.75792
12.26576 3.43171 -1.75833
12.26819 3.43053 -1.75769
12.26810 3.43070 -1.75870
12.26472 3.43058 -1.75763
12.26442 3.43012 -1.75833
12.26190 3.42712 -1.75770
12.26234 3.42864 -1.75822
12.26592 3.42828 -1.75772
12.26799 3.42929 -1.75860
12.26507 3.42898 -1.75749
12.26404 3.42707 -1.75851
12.26878 3.42563 -1.75831
12.26978 3.42815 -1.75869
12.27264 3.42691 -1.75757
12.26879 3.42584 -1.75898
12.27120 3.42426 -1.75778
12.26941 3.42579 -1.75847
12.27098 3.42605 -1.75773
12.27422 3.42615 -1.75930
12.27730 3.42710 -1.75743
12.27457 3.42698 -1.75842
12.27319 3.42579 -1.75758
12.27117 3.42914 -1.75864
12.27251 3.42836 -1.75681
12.27488 3.42941 -1.75846
12.27285 3.42918 -1.75769
12.26782 3.43052 -1.75839
12.26915 3.43126 -1.75649
12.27270 3.43252 -1.75919
12.27055 3.43055 -1.75715
12.27071 3.43043 -1.75823
12.26772 3.42793 -1.75740
12.26709 3.42954 -1.75782
12.26617 3.42879 -1.75707
12.26407 3.43198 -1.75803
12.26522 3.43032 -1.75696
12.26528 3.43041 -1.75852
12.26704 3.42967 -1.75770
12.26689 3.43110 -1.75836
12.26831 3.43045 -1.75781
12.27192 3.43079 -1.75838
12.27180 3.42910 -1.75756
12.27259 3.42784 -1.75892
12.27207 3.42698 -1.75761
12.26983 3.42783 -1.75866
12.27142 3.42727 -1.75675
12.26912 3.42965 -1.75822
12.26702 3.42870 -1.75814
12.26791 3.43041 -1.75841
12.26930 3.43114 -1.75743
12.27364 3.42939 -1.75876
12.27482 3.42849 -1.75797
12.27569 3.42787 -1.75865
12.27448 3.42762 -1.75830
12.27904 3.42938 -1.75869
12.27921 3.43025 -1.75859
12.28102 3.43357 -1.75786
12.27979 3.43228 -1.75852
12.27737 3.43260 -1.75840
12.27491 3.43321 -1.75815
12.27769 3.43420 -1.75796
12.27570 3.43193 -1.75822
12.27368 3.43165 -1.75815
12.27140 3.43373 -1.75881
12.27346 3.43333 -1.75798
12.27048 3.43144 -1.75859
12.26994 3.42898 -1.75804
12.26717 3.42835 -1.75824
12.26744 3.42751 -1.75813
12.26464 3.42761 -1.75791
12.26393 3.42716 -1.75736
12.26471 3.42655 -1.75966
12.26583 3.42462 -1.75788
12.26490 3.42637 -1.75896
12.26655 3.42446 -1.75778
12.27029 3.42487 -1.75928
12.27500 3.42754 -1.75809
12.27491 3.42929 -1.75902
12.27489 3.42930 -1.75775
12.27911 3.43133 -1.75940
12.28067 3.42915 -1.75817
12.27934 3.43198 -1.75905
12.27791 3.43144 -1.75741
12.27407 3.43027 -1.75841
12.27485 3.42856 -1.75800
12.27357 3.42902 -1.75883
12.27309 3.42753 -1.75777
12.27131 3.42917 -1.75850
12.27032 3.42838 -1.75758
12.27109 3.43178 -1.75825
12.27342 3.43121 -1.75775
12.27338 3.43480 -1.75853
12.27527 3.43467 -1.75806
12.27355 3.43528 -1.75828
12.27288 3.43507 -1.75681
12.27458 3.43395 -1.75834
12.27503 3.43153 -1.75739
12.27475 3.43256 -1.75837
12.27247 3.43085 -1.75690
12.26967 3.43097 -1.75815
12.27052 3.43150 -1.75788
12.27155 3.43176 -1.75807
12.27044 3.42975 -1.75705
12.26935 3.42881 -1.75887
12.26796 3.42729 -1.75652
12.26774 3.42859 -1.75887
12.26729 3.42818 -1.75638
12.26835 3.42891 -1.75911
12.26798 3.42707 -1.75735
12.26778 3.42912 -1.75790
12.26958 3.42909 -1.75765
12.26781 3.43136 -1.75830
12.26820 3.42889 -1.75782
12.26613 3.42858 -1.75777
12.26837 3.42880 -1.75817
12.26725 3.42870 -1.75792
12.26819 3.43114 -1.75747
12.26698 3.42735 -1.75827
12.26726 3.42523 -1.75863
12.26753 3.42610 -1.75871
12.26571 3.42772 -1.75790
12.26785 3.42940 -1.75745
12.26853 3.42887 -1.75825
12.26829 3.42844 -1.75811
12.26886 3.42708 -1.75862
12.26668 3.42560 -1.75818
12.26776 3.42678 -1.75880
12.26697 3.42608 -1.75767
12.26818 3.42868 -1.75796
12.26932 3.43057 -1.75775
12.26564 3.43086 -1.75881
12.26701 3.43163 -1.75827
12.26607 3.43152 -1.75968
12.26953 3.42920 -1.75804
12.26850 3.42889 -1.76078
12.26840 3.42820 -1.75740
12.26806 3.42916 -1.75893
12.26812 3.42595 -1.75818
12.26819 3.42763 -1.75845
12.27051 3.42659 -1.75728
12.27060 3.42686 -1.75905
12.27210 3.42751 -1.75848
12.27151 3.42807 -1.75915
12.27081 3.42826 -1.75734
12.27222 3.42891 -1.75932
12.27167 3.42929 -1.75723
12.26995 3.43150 -1.75847
12.27082 3.43068 -1.75766
12.27211 3.43228 -1.75861
12.27507 3.43267 -1.75762
12.27165 3.43249 -1.75869
12.27199 3.43140 -1.75732
12.27465 3.43247 -1.75935
12.27313 3.43106 -1.75698
12.27378 3.43248 -1.75861
12.27550 3.43197 -1.75749
12.27262 3.43306 -1.75862
12.27348 3.43095 -1.75733
12.27245 3.42987 -1.75882
12.27194 3.42737 -1.75785
12.27479 3.42703 -1.75878
12.27327 3.42624 -1.75706
12.27217 3.42756 -1.75862
12.27087 3.42597 -1.75767
12.27043 3.42959 -1.75841
12.27341 3.42854 -1.75755
12.27262 3.43109 -1.75861
12.27350 3.43071 -1.75717
12.27603 3.43409 -1.75871
12.27324 3.43159 -1.75705
12.26938 3.43202 -1.75783
12.26922 3.42995 -1.75785
12.26802 3.43133 -1.75833
12.26932 3.43018 -1.75832
12.26932 3.42758 -1.75867
12.26986 3.42855 -1.75816
12.26553 3.42898 -1.75815
12.26632 3.42875 -1.75802
12.27185 3.42741 -1.75902
12.27346 3.42768 -1.75807
12.27487 3.43046 -1.75814
12.27409 3.42980 -1.75834
12.27598 3.42835 -1.75875
12.27431 3.42903 -1.75776
12.27269 3.42857 -1.75862
12.27212 3.42897 -1.75795
12.27434 3.42900 -1.75829
12.27288 3.42880 -1.75758
12.27546 3.43224 -1.75792
12.27479 3.43375 -1.75891
12.27824 3.43356 -1.75805
12.27663 3.43034 -1.75899
