0.00000 -0.00000 1.57080
-0.00501 0.00172 1.57081
-0.00561 0.00119 1.57082
-0.00652 0.00029 1.57080
-0.00654 -0.00052 1.57082
-0.00594 -0.00007 1.57222
-0.00611 0.00334 1.57282
-0.00293 0.02395 1.57367
-0.00269 0.04936 1.57567
-0.00292 0.04941 1.57506
-0.01683 -0.06344 1.57584
-0.01702 -0.06898 1.57589
-0.01749 -0.07460 1.57614
-0.01776 -0.08077 1.57583
-0.01781 -0.08676 1.57571
-0.01751 -0.09232 1.57596
-0.01689 -0.09803 1.57576
-0.01676 -0.10552 1.57527
-0.01695 -0.11539 1.57574
-0.01652 -0.12617 1.57560
-0.01615 -0.13686 1.57528
-0.01571 -0.14673 1.57541
-0.01423 -0.15690 1.57474
-0.01289 -0.16859 1.57458
-0.01173 -0.18144 1.57465
-0.00980 -0.19146 1.57435
-0.00720 -0.19981 1.57446
-0.00477 -0.21109 1.57438
-0.00258 -0.22376 1.57478
0.00063 -0.23298 1.57544
0.00568 -0.23923 1.57593
0.01004 -0.24872 1.57690
0.01377 -0.26070 1.57782
0.01792 -0.26564 1.57893
0.02283 -0.26567 1.57985
0.02714 -0.27086 1.58050
0.03073 -0.27895 1.58100
0.03461 -0.27787 1.58094
0.03886 -0.26935 1.58090
0.04280 -0.26794 1.58078
0.04649 -0.27156 1.58075
0.04990 -0.26353 1.58034
0.05313 -0.24610 1.57991
0.05626 -0.23841 1.57929
0.05903 -0.23702 1.57876
0.06163 -0.22398 1.57812
0.06437 -0.20191 1.57739
0.06723 -0.18990 1.57641
0.06984 -0.18478 1.57547
0.07203 -0.16392 1.57479
0.10313 1.51986 1.57069
0.15023 5.72756 1.51197
0.15453 5.77379 1.51153
0.15813 5.81690 1.51026
0.16397 5.90495 1.50941
0.18555 6.15339 1.50542
0.18861 6.23788 1.50432
0.24613 7.24711 1.48857
0.25255 7.37268 1.48601
0.25487 7.41560 1.48520
0.25740 7.45902 1.48446
0.25995 7.50164 1.48377
0.26265 7.54418 1.48267
0.26551 7.58820 1.48197
0.26865 7.63310 1.48111
0.27300 7.67623 1.48037
0.27875 7.71692 1.47964
0.28442 7.75944 1.47845
0.28980 7.80316 1.47732
0.29476 7.84561 1.47629
0.29929 7.88672 1.47532
0.30362 7.92863 1.47447
0.30769 7.97203 1.47363
0.31084 8.01477 1.47280
0.31312 8.05694 1.47192
0.31587 8.09982 1.47119
0.31882 8.14358 1.47041
0.32319 8.18563 1.46946
0.32954 8.22582 1.46865
0.33599 8.26795 1.46759
0.34248 8.31099 1.46711
0.34894 8.35321 1.46630
0.35521 8.39455 1.46558
0.36102 8.43728 1.46506
0.36665 8.48103 1.46418
0.37120 8.52313 1.46309
0.37482 8.56457 1.46229
0.37837 8.60713 1.46130
0.38157 8.65008 1.46057
0.38601 8.69204 1.45949
0.39242 8.73406 1.45844
0.39876 8.77764 1.45788
0.40451 8.82251 1.45717
0.40896 8.86725 1.45624
0.41230 8.91091 1.45567
0.41636 8.95545 1.45475
0.42036 9.00051 1.45386
0.42455 9.04387 1.45296
0.61662 10.41645 1.42258
1.13159 13.45221 1.37150
1.21501 13.90922 1.36311
1.23092 14.00392 1.36230
1.24883 14.09491 1.36021
1.28742 14.26964 1.35850
1.29563 14.31407 1.35838
1.30444 14.35787 1.35716
1.31430 14.40346 1.35650
1.32464 14.44537 1.35674
1.33611 14.48569 1.35562
1.34614 14.52795 1.35506
1.35590 14.57077 1.35443
1.36561 14.61235 1.35389
1.37483 14.65599 1.35294
1.38440 14.70232 1.35270
1.39488 14.74934 1.35141
1.40397 14.79335 1.35125
1.41072 14.83385 1.35190
1.41892 14.87595 1.35075
1.42707 14.92242 1.35059
1.43556 14.96834 1.35048
1.44497 15.01310 1.35029
1.45455 15.05824 1.35052
1.46394 15.10484 1.35072
1.47222 15.14907 1.35090
2.30533 18.67968 1.24214
2.38553 18.91651 1.22704
2.41708 18.98996 1.22021
2.43277 19.02947 1.21666
2.47476 19.14683 1.20269
2.50251 19.22503 1.19262
2.53689 19.30186 1.18229
2.56732 19.38150 1.17305
2.72513 19.83062 1.12595
2.77729 19.94603 1.11358
2.79442 19.98661 1.10916
2.81123 20.02553 1.10479
2.84567 20.10405 1.09532
2.86272 20.14390 1.09067
2.89622 20.21890 1.08082
2.91171 20.25742 1.07599
2.92728 20.29642 1.07128
2.94388 20.33324 1.06704
2.96166 20.36919 1.06284
2.97866 20.40750 1.05747
2.99516 20.44741 1.05286
3.01424 20.48669 1.04875
3.03460 20.52307 1.04381
3.05349 20.56113 1.03823
3.07211 20.60099 1.03297
3.09201 20.63886 1.02751
3.11403 20.67558 1.02245
3.13433 20.71281 1.01814
3.15382 20.75011 1.01278
3.17497 20.78657 1.00725
3.19921 20.82167 1.00186
3.22195 20.85785 0.99600
3.24293 20.89461 0.99051
3.26589 20.93141 0.98482
5.76788 23.51362 0.50662
5.80203 23.53681 0.50124
6.16530 23.75542 0.44521
6.20308 23.77863 0.43928
6.24347 23.79878 0.43365
6.44045 23.89282 0.40448
6.47904 23.91086 0.39787
6.51635 23.93041 0.39148
6.55740 23.94537 0.38558
6.60240 23.95418 0.37871
6.64490 23.96708 0.37219
6.68580 23.98222 0.36602
6.73003 23.99302 0.35968
6.77734 24.00052 0.35377
6.82216 24.01296 0.34730
6.86492 24.02802 0.34072
6.90883 24.03858 0.33481
6.95545 24.04348 0.32876
6.99906 24.05230 0.32223
7.04128 24.06455 0.31534
7.08534 24.07330 0.30898
7.13310 24.07674 0.30228
7.17746 24.08391 0.29593
7.21978 24.09455 0.28941
7.26396 24.10344 0.28274
7.31008 24.10913 0.27614
7.35428 24.11763 0.26944
7.39613 24.12848 0.26239
7.44078 24.13776 0.25579
7.48565 24.14316 0.24891
7.52941 24.15125 0.24212
7.57188 24.16131 0.23541
7.61738 24.17116 0.22878
7.66493 24.18011 0.22171
7.71017 24.19120 0.21465
7.75354 24.20332 0.20787
7.79928 24.21380 0.20129
7.84720 24.22312 0.19454
7.89316 24.23474 0.18794
7.93839 24.24743 0.18092
7.98519 24.25951 0.17462
8.03320 24.27054 0.16837
8.07894 24.28220 0.16136
8.12370 24.29501 0.15466
8.16923 24.30565 0.14798
11.57654 24.75840 -0.43871
11.60723 24.75338 -0.44547
11.66733 24.74631 -0.45937
11.78102 24.72908 -0.48676
11.80862 24.72392 -0.49319
11.83556 24.71748 -0.50059
11.90961 24.69423 -0.52095
11.97635 24.66719 -0.54221
11.99793 24.65747 -0.54928
12.03947 24.63604 -0.56285
12.05884 24.62492 -0.57035
12.07780 24.61386 -0.57813
12.09643 24.60223 -0.58564
12.11389 24.59061 -0.59334
12.13160 24.57926 -0.60127
12.14800 24.56771 -0.60930
12.16288 24.55683 -0.61804
12.17719 24.54561 -0.62662
12.19122 24.53384 -0.63547
12.20476 24.52237 -0.64414
12.21817 24.51139 -0.65284
12.23319 24.50105 -0.66128
12.24673 24.49078 -0.66959
12.25967 24.48019 -0.67843
12.27159 24.46985 -0.68718
12.28259 24.45947 -0.69604
12.29250 24.44942 -0.70469
12.30259 24.44110 -0.71343
12.31447 24.43325 -0.72227
11.60072 24.64185 -1.33661
11.58840 24.66442 -1.34920
11.56713 24.69175 -1.36158
11.54068 24.72074 -1.37437
11.52728 24.73673 -1.38121
11.51442 24.75224 -1.38753
11.49548 24.77971 -1.40027
11.48567 24.79431 -1.40627
11.45109 24.83977 -1.42276
11.43026 24.87257 -1.43227
11.41973 24.88969 -1.43689
11.40845 24.90612 -1.44177
11.39695 24.92239 -1.44646
11.38576 24.93910 -1.45119
11.37431 24.95732 -1.45621
11.36478 24.97455 -1.46164
11.35494 24.99117 -1.46651
11.34631 25.00515 -1.47108
11.34020 25.01920 -1.47558
11.33583 25.03366 -1.47970
11.32968 25.04914 -1.48403
11.32084 25.06485 -1.48846
11.31213 25.08077 -1.49324
11.30454 25.09753 -1.49762
11.29833 25.11343 -1.50232
11.29330 25.12847 -1.50730
11.28872 25.14298 -1.51194
11.28432 25.15682 -1.51665
11.27940 25.17151 -1.52135
11.27540 25.18650 -1.52659
11.27229 25.20033 -1.53127
11.26957 25.21402 -1.53563
11.26703 25.22833 -1.54122
11.26398 25.24420 -1.54619
11.26159 25.25960 -1.55183
11.25942 25.27636 -1.55754
11.25748 25.29124 -1.56221
11.25525 25.30574 -1.56689
11.25466 25.32085 -1.57214
11.25364 25.33707 -1.57717
11.25080 25.35296 -1.58206
11.24703 25.36937 -1.58711
11.24363 25.38558 -1.59238
11.24070 25.40043 -1.59764
11.23837 25.41448 -1.60244
11.23636 25.42837 -1.60786
11.23546 25.44293 -1.61262
11.23476 25.45875 -1.61752
11.23389 25.47416 -1.62293
11.23310 25.48887 -1.62808
11.51479 26.16101 -1.89069
11.52007 26.16099 -1.88880
11.52552 26.16184 -1.88613
11.53065 26.16392 -1.88318
11.53864 26.17035 -1.87703
11.54256 26.17358 -1.87417
11.54692 26.17652 -1.87129
11.55119 26.17861 -1.86910
11.55930 26.18460 -1.86720
11.56135 26.18987 -1.86606
11.56401 26.19546 -1.86618
11.56854 26.19990 -1.86574
11.57339 26.20462 -1.86489
11.59045 26.22073 -1.85883
11.60047 26.22676 -1.85199
11.60464 26.22734 -1.84820
11.60841 26.22793 -1.84432
11.61230 26.22591 -1.84080
11.61493 26.22561 -1.83791
11.61613 26.22489 -1.83521
11.61693 26.22789 -1.83269
11.61626 26.23237 -1.83044
11.61524 26.23924 -1.82808
11.61555 26.24380 -1.82623
11.61602 26.24982 -1.82429
11.61649 26.25555 -1.82244
11.61775 26.26189 -1.82055
11.62011 26.26902 -1.81901
11.62268 26.27541 -1.81782
11.62599 26.28140 -1.81614
11.62988 26.28851 -1.81435
11.63448 26.29612 -1.81164
11.63847 26.30341 -1.81005
11.64118 26.31112 -1.80871
11.64208 26.31900 -1.80679
11.87793 27.22653 -1.80740
11.87991 27.23572 -1.80773
11.88199 27.24503 -1.80780
11.88596 27.25909 -1.80871
11.88607 27.26012 -1.80889
11.88606 27.26033 -1.80941
11.88696 27.26269 -1.80949
11.88797 27.26626 -1.80893
11.88890 27.27142 -1.80937
11.88996 27.27451 -1.80939
11.89058 27.27657 -1.80938
11.89096 27.27809 -1.80985
11.89120 27.27837 -1.80979
11.89110 27.27823 -1.80993
11.89140 27.27999 -1.81055
11.89189 27.28273 -1.81003
11.89118 27.28963 -1.81030
11.89117 27.29216 -1.81046
11.89160 27.30145 -1.81079
11.89200 27.30467 -1.81083
11.89279 27.30788 -1.81094
11.89424 27.31453 -1.81100
11.89505 27.31810 -1.81112
11.89746 27.32928 -1.81144
11.89854 27.33361 -1.81150
11.89945 27.33815 -1.81159
11.90025 27.34241 -1.81173
11.90118 27.34666 -1.81187
11.90208 27.35103 -1.81191
11.90323 27.35569 -1.81196
11.90408 27.36014 -1.81204
11.90479 27.36407 -1.81233
11.90568 27.36814 -1.81256
11.90663 27.37260 -1.81245
11.90751 27.37798 -1.81252
11.90890 27.38311 -1.81246
11.91018 27.38797 -1.81250
11.91123 27.39287 -1.81263
11.91228 27.39806 -1.81259
11.91334 27.40356 -1.81280
11.91438 27.40907 -1.81297
11.91573 27.41457 -1.81298
11.91687 27.42007 -1.81323
11.91809 27.42567 -1.81327
11.91917 27.43135 -1.81335
11.92015 27.43728 -1.81354
11.92130 27.44336 -1.81360
11.92280 27.44938 -1.81374
11.92417 27.45551 -1.81384
11.92555 27.46202 -1.81403
12.30103 28.88482 -1.83766
12.30752 28.90517 -1.83825
12.32718 28.96825 -1.83971
12.33418 28.98985 -1.84003
12.34133 29.01178 -1.84038
12.35541 29.05544 -1.84133
12.36273 29.07709 -1.84198
12.37006 29.09939 -1.84229
12.38445 29.14329 -1.84334
12.41487 29.23577 -1.84437
12.42282 29.25816 -1.84506
12.43037 29.28098 -1.84571
12.43753 29.30401 -1.84612
12.44484 29.32730 -1.84641
12.45254 29.34942 -1.84686
12.46049 29.37198 -1.84753
12.46829 29.39460 -1.84817
12.47603 29.41812 -1.84814
12.48350 29.44194 -1.84848
12.49142 29.46588 -1.84896
12.49969 29.48852 -1.84948
12.50768 29.51196 -1.85059
12.51563 29.53606 -1.85096
12.52370 29.56052 -1.85125
12.53192 29.58500 -1.85199
12.54064 29.60976 -1.85238
12.54911 29.63361 -1.85306
12.55778 29.65848 -1.85344
12.56693 29.68414 -1.85362
12.57617 29.70962 -1.85413
12.58537 29.73568 -1.85443
12.59428 29.76193 -1.85465
12.60327 29.78780 -1.85515
12.61240 29.81265 -1.85581
12.62183 29.83720 -1.85620
12.63123 29.86285 -1.85670
12.64038 29.88902 -1.85714
12.64980 29.91589 -1.85759
12.65955 29.94237 -1.85863
12.67010 29.97040 -1.85924
12.68057 30.00039 -1.85944
12.69060 30.03341 -1.85972
12.69996 30.06673 -1.86033
12.70968 30.10011 -1.86113
12.71942 30.13261 -1.86158
12.72898 30.16386 -1.86258
12.73852 30.19344 -1.86433
12.74859 30.22257 -1.86641
12.75840 30.25114 -1.86880
12.76788 30.27896 -1.87116
12.77799 30.30504 -1.87291
12.78846 30.33073 -1.87522
13.96463 34.51716 -1.74871
14.03401 34.85819 -1.75010
14.07110 35.03584 -1.75179
14.10961 35.21889 -1.75351
14.18149 35.55565 -1.75614
14.19751 35.63156 -1.75700
14.21157 35.70266 -1.75774
14.23780 35.83558 -1.75876
14.26255 35.96135 -1.75941
14.27523 36.02416 -1.75972
14.28853 36.08871 -1.75936
14.30268 36.15575 -1.76042
14.31761 36.22532 -1.75965
14.33269 36.29631 -1.75940
14.34843 36.36945 -1.76031
14.36464 36.44065 -1.76026
14.38059 36.51378 -1.76034
14.39658 36.58950 -1.76039
14.41319 36.66506 -1.76053
14.42848 36.73516 -1.76082
14.44193 36.80103 -1.76151
14.45477 36.86623 -1.76185
14.46807 36.93313 -1.76189
14.48162 37.00021 -1.76196
14.49530 37.06725 -1.76184
14.50874 37.13379 -1.76221
14.52357 37.20363 -1.76299
14.53867 37.27300 -1.76332
14.55319 37.34256 -1.76354
14.56716 37.41197 -1.76435
14.58193 37.48246 -1.76455
14.59704 37.55229 -1.76481
14.61298 37.62374 -1.76534
14.62885 37.69521 -1.76528
14.64436 37.76724 -1.76506
14.65978 37.83735 -1.76580
14.67499 37.90309 -1.76507
14.68866 37.96418 -1.76559
14.70232 38.02479 -1.76571
14.71600 38.08485 -1.76529
14.72904 38.14414 -1.76578
14.74180 38.20050 -1.76554
14.75427 38.25471 -1.76565
14.76609 38.30770 -1.76606
14.77875 38.36292 -1.76621
14.79143 38.41874 -1.76595
14.80445 38.47662 -1.76589
14.81783 38.53462 -1.76607
14.83122 38.59281 -1.76587
15.79814 42.97768 -1.76632
15.82998 43.12502 -1.76634
15.84055 43.17411 -1.76635
15.87241 43.32158 -1.76636
15.91445 43.51836 -1.76638
15.92506 43.56763 -1.76639
15.97809 43.81438 -1.76638
15.98880 43.86382 -1.76637
15.99948 43.91333 -1.76638
16.00996 43.96286 -1.76640
16.02045 44.01240 -1.76639
16.03108 44.06200 -1.76638
16.04173 44.11167 -1.76639
16.05244 44.16140 -1.76639
16.06309 44.21116 -1.76640
16.07368 44.26095 -1.76638
16.08431 44.31081 -1.76639
16.09510 44.36068 -1.76640
16.10585 44.41063 -1.76642
16.11658 44.46062 -1.76643
16.12731 44.51065 -1.76643
16.13801 44.56074 -1.76642
16.14871 44.61092 -1.76642
16.15955 44.66109 -1.76643
16.17038 44.71127 -1.76642
16.18117 44.76152 -1.76642
17.13049 49.20202 -1.76654
17.15512 49.31708 -1.76655
17.20456 49.54853 -1.76654
17.22934 49.66641 -1.76654
16.10633 45.90296 -1.76653
15.84215 45.03301 -1.76650
15.27792 43.30554 -1.76649
15.30020 43.50091 -1.76649
15.41491 43.99494 -1.76652
15.59057 44.69633 -1.76651
15.64324 44.89975 -1.76651
15.68898 45.07564 -1.76651
15.76689 45.37327 -1.76652
15.80858 45.53058 -1.76652
