0.00000 -0.00000 1.57080
-0.00089 0.00020 1.57080
-0.00182 -0.00158 1.57221
0.00059 0.02016 1.57333
-0.00661 -0.01476 1.57613
-0.01271 -0.06495 1.57583
-0.01290 -0.07049 1.57588
-0.01337 -0.07611 1.57613
-0.01364 -0.08228 1.57582
-0.01369 -0.08828 1.57570
-0.01339 -0.09383 1.57595
-0.01277 -0.09955 1.57575
-0.01263 -0.10703 1.57526
-0.01283 -0.11690 1.57573
-0.01240 -0.12769 1.57559
-0.01202 -0.13838 1.57527
-0.01159 -0.14824 1.57540
-0.01011 -0.15842 1.57473
-0.00877 -0.17011 1.57458
-0.00761 -0.18296 1.57464
-0.00568 -0.19297 1.57434
-0.00308 -0.20133 1.57445
-0.00064 -0.21261 1.57437
0.00154 -0.22527 1.57477
0.00475 -0.23450 1.57543
0.00980 -0.24075 1.57592
0.01416 -0.25023 1.57689
0.01789 -0.26222 1.57781
0.02204 -0.26715 1.57892
0.02695 -0.26719 1.57984
0.03126 -0.27238 1.58050
0.03485 -0.28047 1.58099
0.03873 -0.27939 1.58093
0.04298 -0.27087 1.58089
0.04692 -0.26945 1.58077
0.05062 -0.27308 1.58074
0.05402 -0.26505 1.58033
0.05725 -0.24762 1.57990
0.06038 -0.23992 1.57928
0.06315 -0.23854 1.57875
0.06575 -0.22550 1.57811
0.06849 -0.20343 1.57738
0.07135 -0.19142 1.57640
0.07396 -0.18629 1.57546
0.07615 -0.16543 1.57478
0.07799 -0.13269 1.57409
0.07996 -0.11183 1.57359
0.08120 -0.09949 1.57296
0.08242 -0.08231 1.57225
0.08355 -0.03820 1.57164
0.08523 -0.00790 1.57066
0.08674 0.01122 1.56992
0.08807 0.03397 1.56951
0.08912 0.08039 1.56835
0.09047 0.11319 1.56760
0.09240 0.13547 1.56610
0.09409 0.16318 1.56533
0.09302 0.21900 1.56376
0.09242 0.26340 1.56343
0.09368 0.29865 1.56350
0.09576 0.33514 1.56225
0.09518 0.39228 1.56198
0.09438 0.43794 1.56201
0.09512 0.47672 1.56343
0.09663 0.51884 1.56492
0.09679 0.58328 1.56682
0.09675 0.63445 1.56879
0.09723 0.67730 1.57045
0.09805 0.72320 1.57273
0.10079 0.79227 1.57417
0.10422 0.85063 1.57577
0.10733 0.89986 1.57734
0.10989 0.95294 1.57663
0.10989 1.02598 1.57620
0.11115 1.08753 1.57634
0.11395 1.14067 1.57573
0.11506 1.19567 1.57518
0.11218 1.27110 1.57427
0.11117 1.33561 1.57325
0.11106 1.39163 1.57240
0.11017 1.44799 1.57170
0.10727 1.51834 1.57068
0.10571 1.58043 1.56942
0.10502 1.63566 1.56834
0.10442 1.69103 1.56735
0.10151 1.75818 1.56620
0.08311 2.62192 1.55458
0.08452 2.83571 1.55163
0.06942 3.62939 1.53928
0.15870 5.77227 1.51152
0.18729 6.11057 1.50629
0.19613 6.32195 1.50286
0.23843 7.07695 1.49197
0.24483 7.16190 1.49005
0.25674 7.37116 1.48600
0.25906 7.41408 1.48519
0.26159 7.45750 1.48445
0.26414 7.50012 1.48376
0.26684 7.54266 1.48266
0.26970 7.58669 1.48196
0.27284 7.63158 1.48110
0.27719 7.67471 1.48036
0.28294 7.71540 1.47963
0.28861 7.75792 1.47844
0.29399 7.80164 1.47731
0.29895 7.84409 1.47628
0.30348 7.88520 1.47531
0.30781 7.92711 1.47446
0.31188 7.97051 1.47362
0.31503 8.01325 1.47279
0.31731 8.05542 1.47191
0.32007 8.09830 1.47118
0.32301 8.14206 1.47040
0.32739 8.18412 1.46945
0.33374 8.22430 1.46864
0.34018 8.26643 1.46758
0.34668 8.30947 1.46710
0.35314 8.35169 1.46629
0.35941 8.39303 1.46557
0.36522 8.43576 1.46505
0.37085 8.47951 1.46417
0.37540 8.52161 1.46308
0.37902 8.56305 1.46228
0.38257 8.60561 1.46129
0.38577 8.64856 1.46057
0.39021 8.69052 1.45948
0.39662 8.73254 1.45843
0.40296 8.77612 1.45787
0.40871 8.82099 1.45716
0.41317 8.86573 1.45623
0.41650 8.90939 1.45566
0.42056 8.95393 1.45474
0.42457 8.99899 1.45385
0.42876 9.04235 1.45296
0.43356 9.08489 1.45192
0.43843 9.12834 1.45134
0.44347 9.17298 1.45036
0.44877 9.21710 1.44935
0.45398 9.25764 1.44863
0.45963 9.29965 1.44781
0.46539 9.34244 1.44684
0.47088 9.38494 1.44557
0.47609 9.42502 1.44445
0.48162 9.46696 1.44334
0.48713 9.50937 1.44251
0.49276 9.54968 1.44115
0.49811 9.58437 1.44012
0.50384 9.62182 1.43879
0.51034 9.66212 1.43768
0.51613 9.70206 1.43700
0.51946 9.74027 1.43632
0.52259 9.77996 1.43562
0.52589 9.82069 1.43465
0.53014 9.86133 1.43401
0.53865 9.89989 1.43315
0.54760 9.93993 1.43246
0.55596 9.98144 1.43168
0.56314 10.02428 1.43084
0.56807 10.06847 1.42996
0.57355 10.11247 1.42955
0.57972 10.15772 1.42850
0.58581 10.20161 1.42759
0.59286 10.24317 1.42671
0.59966 10.28461 1.42568
0.60632 10.32794 1.42489
0.61341 10.37191 1.42390
0.62083 10.41493 1.42257
0.62806 10.45774 1.42243
0.63544 10.50084 1.42232
0.64210 10.54449 1.42126
0.64592 10.58814 1.42052
0.65057 10.63303 1.41986
0.65616 10.67812 1.41971
0.66219 10.72306 1.41915
0.66919 10.76806 1.41873
1.13584 13.45068 1.37149
1.21926 13.90770 1.36310
1.23517 14.00240 1.36229
1.25308 14.09339 1.36020
1.29988 14.31255 1.35838
1.30870 14.35634 1.35715
1.31855 14.40193 1.35649
1.32889 14.44384 1.35673
1.34036 14.48416 1.35561
1.35040 14.52642 1.35505
1.36016 14.56924 1.35442
1.36986 14.61082 1.35388
1.37908 14.65446 1.35293
1.38865 14.70079 1.35269
1.39913 14.74781 1.35140
1.40822 14.79182 1.35124
1.41498 14.83232 1.35189
1.42317 14.87442 1.35074
1.43133 14.92089 1.35059
1.43982 14.96681 1.35047
1.44923 15.01157 1.35028
1.45881 15.05671 1.35051
1.46820 15.10331 1.35071
1.47648 15.14754 1.35089
1.48543 15.18997 1.35080
1.49587 15.23450 1.35164
1.50646 15.27812 1.35232
1.51599 15.32117 1.35273
1.52382 15.35945 1.35244
1.53330 15.40074 1.35245
1.54374 15.44363 1.35278
1.55382 15.48647 1.35202
1.56412 15.52538 1.35205
1.57553 15.56374 1.35142
1.58804 15.60373 1.35052
1.59874 15.64386 1.35013
1.60604 15.68528 1.34905
1.61340 15.72812 1.34812
1.62094 15.77157 1.34761
1.62929 15.81595 1.34695
1.63755 15.86169 1.34617
1.64604 15.90855 1.34513
1.65537 15.95484 1.34456
1.66497 16.00035 1.34406
1.67236 16.04348 1.34308
1.68003 16.08767 1.34240
1.68889 16.13259 1.34176
1.69862 16.17691 1.34056
1.70764 16.21752 1.33973
1.71675 16.25898 1.33904
1.72644 16.30188 1.33828
1.73583 16.34531 1.33724
1.74426 16.38758 1.33597
1.75357 16.43147 1.33504
1.76350 16.47510 1.33392
1.77303 16.51756 1.33313
1.78173 16.55737 1.33253
1.79122 16.59989 1.33146
1.80105 16.64495 1.33126
1.81055 16.69054 1.32984
1.81985 16.73196 1.32875
1.83035 16.77382 1.32825
1.84225 16.81756 1.32727
1.85212 16.86031 1.32654
1.85683 16.90259 1.32576
2.30963 18.67815 1.24213
2.38983 18.91498 1.22703
2.42138 18.98842 1.22020
2.45172 19.06565 1.21224
2.46544 19.10447 1.20754
2.47905 19.14529 1.20268
2.50681 19.22349 1.19261
2.54118 19.30032 1.18228
2.57162 19.37996 1.17304
2.65425 19.62802 1.14673
2.78159 19.94449 1.11358
2.81553 20.02399 1.10478
2.84998 20.10251 1.09532
2.90052 20.21735 1.08081
2.91602 20.25587 1.07598
2.93159 20.29487 1.07127
2.94819 20.33169 1.06703
2.96597 20.36765 1.06283
2.98297 20.40595 1.05747
2.99946 20.44586 1.05285
3.01855 20.48514 1.04874
3.03891 20.52153 1.04380
3.05780 20.55958 1.03822
3.07642 20.59945 1.03296
3.09632 20.63731 1.02750
3.11834 20.67404 1.02244
3.13865 20.71127 1.01813
3.15813 20.74856 1.01277
3.17929 20.78503 1.00724
3.20352 20.82013 1.00185
3.22626 20.85630 0.99599
3.24724 20.89306 0.99050
3.27021 20.92986 0.98481
3.29546 20.96497 0.97903
3.31884 21.00139 0.97345
3.34074 21.03865 0.96793
3.36293 21.07555 0.96275
3.38921 21.11026 0.95735
3.41387 21.14627 0.95208
3.43771 21.18352 0.94686
3.46042 21.22081 0.94183
3.48401 21.25873 0.93673
3.50626 21.29697 0.93124
3.52764 21.33579 0.92602
3.54861 21.37324 0.92029
3.57236 21.40914 0.91432
3.59563 21.44651 0.90871
3.61806 21.48499 0.90326
3.64024 21.52201 0.89747
3.66781 21.55524 0.89184
3.69384 21.58897 0.88606
3.71894 21.62401 0.88087
3.74413 21.65971 0.87551
3.77119 21.69335 0.87008
5.77222 23.51205 0.50661
5.80637 23.53524 0.50123
5.94092 23.62495 0.47831
6.08773 23.71210 0.45587
6.16964 23.75385 0.44520
6.24781 23.79721 0.43364
6.44479 23.89125 0.40447
6.48338 23.90928 0.39786
6.52069 23.92883 0.39147
6.56174 23.94379 0.38557
6.60674 23.95261 0.37870
6.64924 23.96551 0.37218
6.69014 23.98064 0.36601
6.73437 23.99144 0.35968
6.78168 23.99894 0.35376
6.82650 24.01138 0.34729
6.86926 24.02645 0.34071
6.91317 24.03700 0.33481
6.95979 24.04190 0.32875
7.00340 24.05072 0.32222
7.04562 24.06297 0.31533
7.08968 24.07172 0.30897
7.13744 24.07516 0.30227
7.18180 24.08233 0.29592
7.22412 24.09297 0.28940
7.26831 24.10186 0.28274
7.31442 24.10755 0.27613
7.35862 24.11604 0.26943
7.40047 24.12690 0.26238
7.44512 24.13617 0.25578
7.48999 24.14158 0.24890
7.53376 24.14966 0.24211
7.57622 24.15972 0.23540
7.62173 24.16957 0.22877
7.66927 24.17853 0.22170
7.71452 24.18962 0.21464
7.75789 24.20173 0.20786
7.80363 24.21221 0.20128
7.85154 24.22153 0.19454
7.89750 24.23316 0.18793
7.94273 24.24584 0.18091
7.98953 24.25792 0.17461
8.03754 24.26895 0.16836
8.08328 24.28061 0.16135
8.12805 24.29342 0.15466
8.17357 24.30406 0.14797
8.21969 24.31240 0.14150
8.26490 24.32228 0.13473
8.30996 24.33352 0.12829
8.35494 24.34402 0.12184
8.40172 24.35103 0.11485
8.44698 24.35962 0.10844
8.49181 24.36970 0.10177
8.53603 24.38081 0.09469
8.58099 24.39270 0.08802
8.62521 24.40475 0.08118
8.66948 24.41710 0.07419
8.71350 24.43004 0.06727
8.75717 24.44319 0.06031
8.80099 24.45627 0.05330
8.84429 24.46927 0.04643
8.89002 24.48070 0.03980
8.94160 24.48622 0.03318
8.99171 24.49311 0.02644
9.04039 24.50120 0.01951
9.08852 24.51021 0.01249
11.58089 24.75678 -0.43872
11.61158 24.75175 -0.44548
11.67168 24.74469 -0.45938
11.78537 24.72746 -0.48677
11.81297 24.72230 -0.49320
11.83991 24.71586 -0.50060
11.91396 24.69261 -0.52096
11.98070 24.66556 -0.54222
12.00228 24.65585 -0.54929
12.02392 24.64565 -0.55589
12.04382 24.63442 -0.56286
12.06319 24.62329 -0.57036
12.08214 24.61223 -0.57814
12.10078 24.60060 -0.58565
12.11824 24.58899 -0.59335
12.13595 24.57763 -0.60128
12.15235 24.56608 -0.60931
12.16723 24.55520 -0.61805
12.18154 24.54398 -0.62663
12.19557 24.53222 -0.63548
12.20910 24.52075 -0.64415
12.22252 24.50976 -0.65285
12.23753 24.49942 -0.66129
12.25107 24.48916 -0.66960
12.26401 24.47856 -0.67843
12.27593 24.46822 -0.68719
12.28693 24.45785 -0.69605
12.29685 24.44779 -0.70470
12.30693 24.43947 -0.71343
12.31881 24.43162 -0.72228
12.33042 24.42465 -0.73110
12.34280 24.41759 -0.73982
12.35441 24.41095 -0.74859
12.36395 24.40396 -0.75762
12.37071 24.39561 -0.76644
12.37656 24.38664 -0.77510
12.38116 24.37729 -0.78407
12.38426 24.36837 -0.79274
12.38556 24.36099 -0.80085
12.38617 24.35377 -0.80904
12.38533 24.34549 -0.81745
12.38357 24.33783 -0.82629
12.38133 24.33010 -0.83482
12.37774 24.32332 -0.84325
12.37384 24.31717 -0.85165
12.37018 24.31106 -0.86001
12.36402 24.30498 -0.86846
12.35792 24.29864 -0.87701
12.35198 24.29229 -0.88493
12.34554 24.28690 -0.89329
12.33956 24.28208 -0.90166
11.62121 24.61792 -1.32465
11.61235 24.62928 -1.33065
11.59275 24.66280 -1.34921
11.57148 24.69013 -1.36159
11.54503 24.71912 -1.37438
11.53163 24.73511 -1.38122
11.51877 24.75062 -1.38754
11.49983 24.77809 -1.40028
11.49001 24.79269 -1.40628
11.45544 24.83815 -1.42277
11.44410 24.85398 -1.42777
11.43461 24.87095 -1.43228
11.42408 24.88807 -1.43690
11.41279 24.90450 -1.44178
11.40130 24.92077 -1.44647
11.39011 24.93748 -1.45120
11.37866 24.95570 -1.45622
11.36913 24.97293 -1.46165
11.35929 24.98955 -1.46651
11.35066 25.00354 -1.47109
11.34455 25.01758 -1.47559
11.34018 25.03204 -1.47971
11.33403 25.04752 -1.48404
11.32519 25.06323 -1.48847
11.31648 25.07915 -1.49325
11.30889 25.09591 -1.49763
11.30268 25.11181 -1.50232
11.29765 25.12685 -1.50731
11.29307 25.14137 -1.51195
11.28868 25.15521 -1.51665
11.28375 25.16990 -1.52136
11.27976 25.18488 -1.52660
11.27664 25.19872 -1.53127
11.27393 25.21241 -1.53564
11.27138 25.22671 -1.54123
11.26833 25.24258 -1.54620
11.26594 25.25799 -1.55184
11.26377 25.27474 -1.55755
11.26183 25.28962 -1.56221
11.25960 25.30412 -1.56690
11.25901 25.31923 -1.57215
11.25799 25.33545 -1.57718
11.25516 25.35134 -1.58207
11.25138 25.36775 -1.58712
11.24799 25.38396 -1.59238
11.24505 25.39881 -1.59765
11.24272 25.41286 -1.60245
11.24071 25.42675 -1.60787
11.23982 25.44131 -1.61263
11.23911 25.45713 -1.61752
11.23824 25.47255 -1.62294
11.23745 25.48725 -1.62809
11.23554 25.50291 -1.63330
11.23384 25.51838 -1.63859
11.23266 25.53323 -1.64321
11.23144 25.54811 -1.64862
11.22998 25.56249 -1.65381
11.22869 25.57645 -1.65847
11.22734 25.58848 -1.66273
11.22625 25.60018 -1.66677
11.22547 25.61103 -1.67089
11.22468 25.62347 -1.67503
11.22399 25.63568 -1.67896
11.22439 25.64895 -1.68255
11.22509 25.66144 -1.68652
11.22538 25.67442 -1.69058
11.22563 25.68712 -1.69450
11.22626 25.70006 -1.69877
11.22702 25.71155 -1.70293
11.22768 25.72257 -1.70645
11.22808 25.73246 -1.71014
11.22908 25.74225 -1.71401
11.52443 26.15937 -1.88880
11.52988 26.16021 -1.88614
11.54300 26.16873 -1.87704
11.54692 26.17196 -1.87418
11.55128 26.17490 -1.87130
11.56366 26.18298 -1.86720
11.56571 26.18825 -1.86607
11.56837 26.19384 -1.86619
11.57290 26.19828 -1.86575
11.57775 26.20300 -1.86490
11.58226 26.20928 -1.86415
11.58839 26.21419 -1.86177
11.59481 26.21911 -1.85884
11.60006 26.22260 -1.85607
11.60483 26.22514 -1.85200
11.60900 26.22572 -1.84821
11.61277 26.22631 -1.84433
11.61666 26.22429 -1.84081
11.61929 26.22398 -1.83792
11.62049 26.22327 -1.83522
11.62129 26.22627 -1.83270
11.62062 26.23074 -1.83045
11.61960 26.23762 -1.82809
11.61991 26.24218 -1.82624
11.62038 26.24820 -1.82430
11.62085 26.25393 -1.82245
11.62211 26.26027 -1.82056
11.62447 26.26740 -1.81902
11.62704 26.27379 -1.81783
11.63035 26.27978 -1.81615
11.63424 26.28689 -1.81436
11.63885 26.29450 -1.81165
11.64284 26.30179 -1.81006
11.64554 26.30950 -1.80872
11.64644 26.31738 -1.80680
11.64587 26.32643 -1.80583
11.64543 26.33712 -1.80381
11.64661 26.34914 -1.80133
11.64842 26.36108 -1.79946
11.65129 26.37296 -1.79709
11.65403 26.38389 -1.79553
11.65782 26.39463 -1.79419
11.66131 26.40306 -1.79219
11.66426 26.40972 -1.79101
11.66709 26.41531 -1.78962
11.67061 26.42325 -1.78846
11.67447 26.43417 -1.78720
11.67928 26.44607 -1.78562
11.68370 26.45713 -1.78513
11.68626 26.46569 -1.78411
11.68659 26.47316 -1.78362
11.68642 26.48340 -1.78363
11.68720 26.49415 -1.78416
11.68968 26.50793 -1.78444
11.69192 26.52125 -1.78486
11.69482 26.53663 -1.78514
11.69789 26.55081 -1.78535
11.70170 26.56549 -1.78592
11.70553 26.57886 -1.78649
11.70906 26.58991 -1.78648
11.71154 26.59905 -1.78732
11.71432 26.60690 -1.78753
11.71782 26.61739 -1.78823
11.72204 26.63206 -1.78868
11.72696 26.64950 -1.78883
11.73116 26.66524 -1.78943
11.73362 26.67932 -1.78988
11.73467 26.69138 -1.79069
11.73571 26.70336 -1.79103
11.73705 26.71523 -1.79158
11.73909 26.72748 -1.79209
11.74251 26.74046 -1.79207
11.74590 26.75311 -1.79295
11.74941 26.76512 -1.79318
11.75294 26.77800 -1.79347
11.75671 26.79182 -1.79406
11.88230 27.22491 -1.80741
11.89033 27.25747 -1.80872
11.89044 27.25850 -1.80889
11.89043 27.25870 -1.80942
11.89133 27.26107 -1.80950
11.89327 27.26980 -1.80938
11.89433 27.27289 -1.80940
11.89495 27.27495 -1.80939
11.89533 27.27647 -1.80986
11.89557 27.27675 -1.80980
11.89547 27.27660 -1.80994
11.89577 27.27836 -1.81056
11.89626 27.28110 -1.81004
11.89555 27.28800 -1.81031
11.89554 27.29053 -1.81047
11.89597 27.29982 -1.81080
11.89716 27.30626 -1.81095
11.89861 27.31290 -1.81101
11.89942 27.31648 -1.81113
11.90183 27.32765 -1.81145
11.90291 27.33198 -1.81151
11.90382 27.33652 -1.81160
11.90556 27.34503 -1.81188
11.90760 27.35406 -1.81197
11.90845 27.35851 -1.81205
11.90916 27.36245 -1.81234
11.91005 27.36652 -1.81257
11.91100 27.37097 -1.81246
11.91188 27.37636 -1.81253
11.91327 27.38149 -1.81247
11.91455 27.38634 -1.81251
11.91560 27.39125 -1.81264
11.91665 27.39643 -1.81260
11.91771 27.40194 -1.81281
11.91875 27.40745 -1.81297
11.92010 27.41295 -1.81299
11.92125 27.41844 -1.81324
11.92246 27.42404 -1.81328
11.92354 27.42973 -1.81336
11.92452 27.43566 -1.81355
11.92567 27.44174 -1.81361
11.92717 27.44775 -1.81375
11.92854 27.45389 -1.81385
11.92992 27.46039 -1.81404
11.93140 27.46760 -1.81421
11.93285 27.47516 -1.81426
11.93430 27.48350 -1.81453
11.93616 27.49098 -1.81472
11.93792 27.49817 -1.81478
11.93967 27.50607 -1.81490
11.94146 27.51451 -1.81481
11.94269 27.52292 -1.81486
11.94445 27.53128 -1.81498
11.94637 27.53957 -1.81508
11.94815 27.54759 -1.81525
11.94989 27.55598 -1.81545
11.95146 27.56441 -1.81562
11.95312 27.57323 -1.81583
11.95552 27.58273 -1.81593
11.95788 27.59210 -1.81597
11.96031 27.60247 -1.81622
11.96258 27.61261 -1.81623
11.96489 27.62367 -1.81666
11.96721 27.63441 -1.81688
11.97024 27.64593 -1.81720
12.29860 28.86242 -1.83689
12.30542 28.88319 -1.83767
12.31191 28.90354 -1.83826
12.33157 28.96662 -1.83971
12.33856 28.98822 -1.84004
12.34572 29.01015 -1.84039
12.35256 29.03159 -1.84088
12.35980 29.05381 -1.84134
12.36712 29.07546 -1.84199
12.37444 29.09776 -1.84230
12.38144 29.11920 -1.84258
12.38884 29.14167 -1.84335
12.39631 29.16399 -1.84395
12.40390 29.18779 -1.84371
12.41926 29.23414 -1.84438
12.42721 29.25653 -1.84506
12.43476 29.27935 -1.84572
12.44192 29.30238 -1.84613
12.44923 29.32567 -1.84641
12.45692 29.34779 -1.84687
12.46488 29.37035 -1.84754
12.47268 29.39297 -1.84818
12.48042 29.41649 -1.84815
12.48789 29.44032 -1.84849
12.49581 29.46425 -1.84897
12.50408 29.48689 -1.84949
12.51207 29.51033 -1.85059
12.52002 29.53443 -1.85097
12.52810 29.55889 -1.85126
12.53631 29.58337 -1.85200
12.54503 29.60813 -1.85239
12.55350 29.63198 -1.85307
12.56217 29.65685 -1.85345
12.57132 29.68251 -1.85363
12.58056 29.70799 -1.85414
12.58976 29.73405 -1.85444
12.59867 29.76030 -1.85466
12.60767 29.78617 -1.85516
12.61679 29.81102 -1.85582
12.62622 29.83557 -1.85620
12.63563 29.86122 -1.85671
12.64478 29.88739 -1.85714
12.65419 29.91425 -1.85760
12.66395 29.94074 -1.85864
12.67449 29.96877 -1.85925
12.68496 29.99876 -1.85945
12.69499 30.03178 -1.85973
12.70435 30.06510 -1.86034
12.71407 30.09848 -1.86114
12.72382 30.13098 -1.86159
12.73338 30.16223 -1.86259
12.74292 30.19181 -1.86434
12.75298 30.22094 -1.86642
12.76279 30.24951 -1.86881
12.77228 30.27733 -1.87117
12.78239 30.30341 -1.87292
12.79285 30.32910 -1.87523
12.80355 30.35496 -1.87757
12.81394 30.38065 -1.87930
12.82376 30.40628 -1.88083
12.83370 30.43081 -1.88343
12.84389 30.45163 -1.88533
12.85399 30.47298 -1.88601
12.86299 30.49294 -1.88655
12.87218 30.51102 -1.88745
12.88195 30.52862 -1.88719
12.89086 30.54688 -1.88625
12.89902 30.56213 -1.88432
12.90782 30.57679 -1.88196
12.91603 30.59006 -1.87934
12.92392 30.60540 -1.87602
12.93158 30.62259 -1.87218
12.93933 30.64022 -1.86941
12.94823 30.65718 -1.86689
12.95779 30.67782 -1.86530
12.96695 30.70266 -1.86422
12.97654 30.73162 -1.86380
12.98742 30.76338 -1.86377
13.96907 34.51551 -1.74872
14.11405 35.21724 -1.75352
14.13282 35.30599 -1.75410
14.18593 35.55400 -1.75615
14.20196 35.62992 -1.75701
14.21601 35.70101 -1.75775
14.24225 35.83393 -1.75877
14.26700 35.95971 -1.75942
14.27968 36.02252 -1.75973
14.29298 36.08706 -1.75936
14.30713 36.15411 -1.76042
14.32206 36.22367 -1.75966
14.33714 36.29466 -1.75941
14.35288 36.36780 -1.76032
14.36909 36.43900 -1.76027
14.38504 36.51214 -1.76035
14.40103 36.58785 -1.76040
14.41764 36.66342 -1.76054
14.43293 36.73351 -1.76083
14.44639 36.79938 -1.76152
14.45923 36.86458 -1.76186
14.47253 36.93148 -1.76190
14.48608 36.99857 -1.76197
14.49976 37.06560 -1.76185
14.51320 37.13214 -1.76222
14.52803 37.20198 -1.76300
14.54313 37.27135 -1.76333
14.55765 37.34091 -1.76355
14.57163 37.41032 -1.76436
14.58639 37.48081 -1.76456
14.60151 37.55064 -1.76482
14.61744 37.62209 -1.76535
14.63332 37.69356 -1.76529
14.64883 37.76559 -1.76507
14.66425 37.83570 -1.76581
14.67945 37.90144 -1.76508
14.69313 37.96253 -1.76560
14.70679 38.02314 -1.76572
14.72047 38.08320 -1.76530
14.73351 38.14249 -1.76579
14.74627 38.19885 -1.76555
14.75874 38.25306 -1.76566
14.77056 38.30605 -1.76607
14.78322 38.36127 -1.76622
14.79590 38.41709 -1.76596
14.80893 38.47497 -1.76590
14.82230 38.53297 -1.76608
14.83570 38.59116 -1.76588
14.84838 38.64868 -1.76616
14.86079 38.70531 -1.76618
14.87321 38.76120 -1.76603
14.88558 38.81736 -1.76612
14.89800 38.87333 -1.76607
14.91061 38.92952 -1.76591
14.92301 38.98546 -1.76613
14.93602 39.04267 -1.76612
14.94876 39.09901 -1.76604
14.96130 39.15497 -1.76619
14.97383 39.21033 -1.76608
14.98625 39.26568 -1.76603
14.99849 39.32076 -1.76619
15.01125 39.37663 -1.76610
15.02381 39.43215 -1.76614
15.03615 39.48691 -1.76620
15.04843 39.54127 -1.76608
15.06044 39.59538 -1.76613
15.07243 39.64927 -1.76616
15.08484 39.70371 -1.76611
15.82391 43.07424 -1.76634
15.83449 43.12336 -1.76635
15.87693 43.31992 -1.76637
15.91897 43.51670 -1.76639
15.98261 43.81272 -1.76639
15.99332 43.86216 -1.76638
16.00400 43.91167 -1.76639
16.01448 43.96120 -1.76640
16.02497 44.01074 -1.76640
16.03560 44.06034 -1.76639
16.04626 44.11001 -1.76640
16.05696 44.15973 -1.76640
16.06761 44.20950 -1.76641
16.07820 44.25928 -1.76639
16.08883 44.30914 -1.76640
16.09962 44.35902 -1.76641
16.11038 44.40897 -1.76643
16.12111 44.45896 -1.76644
16.13183 44.50899 -1.76644
16.14254 44.55908 -1.76643
16.15324 44.60926 -1.76643
16.16408 44.65943 -1.76643
16.17491 44.70961 -1.76643
16.18570 44.75986 -1.76643
16.19646 44.81018 -1.76643
16.20723 44.86057 -1.76644
16.21803 44.91104 -1.76644
16.22892 44.96147 -1.76644
16.23978 45.01200 -1.76644
16.25064 45.06261 -1.76643
16.26151 45.11328 -1.76644
16.27225 45.16415 -1.76644
16.28313 45.21499 -1.76644
16.29400 45.26584 -1.76645
16.30487 45.31679 -1.76644
16.31574 45.36780 -1.76643
16.32663 45.41891 -1.76643
16.33754 45.47009 -1.76644
16.34855 45.52124 -1.76644
16.35954 45.57246 -1.76644
16.37053 45.62375 -1.76644
16.38154 45.67514 -1.76644
16.39256 45.72663 -1.76643
16.40358 45.77825 -1.76644
16.41467 45.82978 -1.76645
16.42576 45.88143 -1.76644
16.43684 45.93317 -1.76643
16.44795 45.98502 -1.76643
16.45905 46.03696 -1.76643
16.47013 46.08906 -1.76643
16.48131 46.14106 -1.76642
16.49251 46.19313 -1.76642
16.50371 46.24533 -1.76642
16.51489 46.29768 -1.76641
16.52607 46.35013 -1.76642
16.53729 46.40271 -1.76642
16.54858 46.45513 -1.76642
16.55987 46.50771 -1.76642
16.57117 46.56041 -1.76643
16.58247 46.61321 -1.76644
16.59376 46.66611 -1.76643
16.60508 46.71915 -1.76643
16.61646 46.77204 -1.76643
16.62784 46.82508 -1.76645
16.63923 46.87827 -1.76644
17.13506 49.20035 -1.76655
17.15969 49.31541 -1.76656
17.23392 49.66474 -1.76655
16.11087 45.90130 -1.76653
15.84668 45.03135 -1.76651
15.64279 44.37698 -1.76651
15.28244 43.30389 -1.76650
15.28928 43.41124 -1.76650
15.30471 43.49925 -1.76650
15.51180 44.36557 -1.76653
15.59510 44.69467 -1.76651
15.64777 44.89809 -1.76652
15.69351 45.07398 -1.76652
15.77142 45.37161 -1.76653
15.81312 45.52892 -1.76653
