0.04167 -0.62281 1.57056
0.04608 -0.62353 1.57082
0.04760 -0.62366 1.57073
0.05090 -0.62218 1.57069
0.04635 -0.62241 1.57102
0.05095 -0.62114 1.57072
0.05020 -0.61928 1.57069
0.05237 -0.61960 1.57058
0.04900 -0.62106 1.57091
0.05268 -0.62048 1.57091
0.05255 -0.62013 1.57145
0.05450 -0.62082 1.57094
0.04873 -0.61979 1.57129
0.05323 -0.62019 1.57125
0.05048 -0.62232 1.57233
0.05132 -0.62475 1.57194
0.05398 -0.62884 1.57290
0.05865 -0.63210 1.57296
0.05999 -0.63708 1.57297
0.06418 -0.64386 1.57316
0.05950 -0.65298 1.57382
0.06076 -0.66175 1.57386
0.05877 -0.67459 1.57465
0.06187 -0.68510 1.57444
0.05955 -0.69844 1.57506
0.06094 -0.71161 1.57469
0.06023 -0.72696 1.57599
0.06016 -0.74169 1.57601
0.05610 -0.75508 1.57547
0.05834 -0.76185 1.57502
0.05777 -0.76671 1.57709
0.05855 -0.76703 1.57701
0.05441 -0.77150 1.57639
0.05586 -0.77023 1.57647
0.05279 -0.77069 1.57691
0.05286 -0.76919 1.57607
0.05486 -0.77078 1.57669
0.05736 -0.77145 1.57698
0.05731 -0.77253 1.57695
0.05715 -0.77145 1.57689
0.05415 -0.77171 1.57697
0.05548 -0.76978 1.57642
0.05804 -0.77088 1.57668
0.06041 -0.76738 1.57705
0.05843 -0.76776 1.57660
0.06160 -0.76272 1.57570
0.06094 -0.75712 1.57609
0.05898 -0.75199 1.57640
0.05860 -0.74591 1.57586
0.06107 -0.74031 1.57610
0.06116 -0.73379 1.57559
0.05564 -0.72472 1.57510
0.05619 -0.71523 1.57566
0.06163 -0.70012 1.57529
0.06387 -0.68775 1.57576
0.06269 -0.67043 1.57507
0.06594 -0.65603 1.57633
0.06118 -0.64314 1.57660
0.06309 -0.62741 1.57732
0.06339 -0.60978 1.57812
0.06447 -0.59032 1.57918
0.06012 -0.57213 1.58041
0.06062 -0.55230 1.58086
0.05843 -0.53007 1.58164
0.05932 -0.50817 1.58185
0.05982 -0.48120 1.58179
0.06150 -0.45781 1.58194
0.05898 -0.43026 1.58197
0.06310 -0.40238 1.58157
0.06255 -0.37471 1.58155
0.06609 -0.34583 1.58069
0.06537 -0.31585 1.58020
0.06999 -0.28278 1.57950
0.07044 -0.25173 1.57949
0.07174 -0.21750 1.57770
0.06582 -0.18461 1.57735
0.06972 -0.14974 1.57649
0.06640 -0.10943 1.57620
0.06939 -0.07097 1.57537
0.06471 -0.03198 1.57490
0.06314 0.00785 1.57434
0.05999 0.04519 1.57346
0.06231 0.08660 1.57237
0.06126 0.12895 1.57236
0.06058 0.17318 1.57089
0.05775 0.21794 1.57073
0.06081 0.26529 1.56924
0.05894 0.31478 1.56830
0.06111 0.36369 1.56687
0.06093 0.40740 1.56607
0.06110 0.45057 1.56420
0.06178 0.49387 1.56541
0.06886 0.53729 1.56446
0.06586 0.57831 1.56449
0.06468 0.62207 1.56328
0.06208 0.66393 1.56539
0.06453 0.70550 1.56539
0.06551 0.74543 1.56833
0.06582 0.79034 1.56996
0.06578 0.83376 1.57180
0.06845 0.87683 1.57377
0.06889 0.91617 1.57621
0.06708 0.95814 1.57712
0.06750 0.99635 1.57919
0.06532 1.03602 1.57921
0.06131 1.07231 1.57768
0.06048 1.11438 1.57799
0.06140 1.15440 1.57845
0.06038 1.19637 1.57771
0.06034 1.23384 1.57714
0.06180 1.27720 1.57567
0.06319 1.31648 1.57626
0.06493 1.36138 1.57420
0.06606 1.40247 1.57404
0.06261 1.44175 1.57213
0.06519 1.48426 1.57180
0.06813 1.52455 1.56990
0.07016 1.56775 1.56928
0.06654 1.61124 1.56754
0.06657 1.65104 1.56713
0.06471 1.69183 1.56559
0.06981 1.73382 1.56511
0.06868 1.77600 1.56432
0.07061 1.81764 1.56563
0.06572 1.85939 1.56348
0.06742 1.90205 1.56226
0.06778 1.94505 1.56159
0.07165 1.98875 1.56158
0.06934 2.03360 1.56048
0.07148 2.07354 1.55963
0.06870 2.11447 1.55883
0.07189 2.15524 1.55799
0.07061 2.19423 1.55733
0.07410 2.23562 1.55611
0.07395 2.27579 1.55557
0.07476 2.31669 1.55452
0.07454 2.36155 1.55432
0.07917 2.40213 1.55347
0.07853 2.45004 1.55179
0.08125 2.49227 1.55114
0.08516 2.53441 1.55088
0.08700 2.57762 1.55015
0.08644 2.61926 1.54978
0.08799 2.66368 1.54915
0.08958 2.70646 1.54801
0.09286 2.74915 1.54731
0.09060 2.79271 1.54733
0.09032 2.83567 1.54658
0.08732 2.87825 1.54612
0.09166 2.92052 1.54493
0.08957 2.96030 1.54471
0.09226 3.00331 1.54336
0.09135 3.04565 1.54191
0.09576 3.08900 1.54130
0.09276 3.13125 1.54035
0.09792 3.17081 1.53965
0.09809 3.21564 1.53946
0.10028 3.26325 1.53804
0.09968 3.30551 1.53784
0.10223 3.35069 1.53848
0.10311 3.38964 1.53830
0.10580 3.43045 1.53672
0.10665 3.46985 1.53602
0.10426 3.51369 1.53582
0.10301 3.55473 1.53492
0.10634 3.60088 1.53395
0.10939 3.63982 1.53349
0.11067 3.68622 1.53202
0.11132 3.72915 1.53146
0.11396 3.77400 1.53025
0.11742 3.81699 1.53014
0.11549 3.85732 1.52837
0.11770 3.89932 1.52806
0.12352 3.94430 1.52724
0.12536 3.98957 1.52652
0.12198 4.03405 1.52578
0.12277 4.07610 1.52556
0.12533 4.12037 1.52353
0.12810 4.16243 1.52329
0.13021 4.20536 1.52168
0.13547 4.24608 1.52263
0.14102 4.29098 1.52159
0.14470 4.33387 1.52260
0.14261 4.37867 1.52384
0.14699 4.41905 1.52477
0.14929 4.46190 1.52366
0.15340 4.50287 1.52399
0.15099 4.54268 1.52228
0.15685 4.58793 1.52258
0.15686 4.63194 1.52086
0.15861 4.67612 1.52050
0.15787 4.71742 1.52029
0.16230 4.75867 1.51967
0.16357 4.80488 1.51809
0.16735 4.84898 1.51795
0.16851 4.89501 1.51722
0.17453 4.93305 1.51765
0.17534 4.97948 1.51668
0.18170 5.01928 1.51521
0.17705 5.05947 1.51457
0.18305 5.10335 1.51392
0.18230 5.14278 1.51262
0.18830 5.18655 1.51185
0.19021 5.23029 1.51230
0.19287 5.27674 1.51134
0.19291 5.32283 1.51075
0.19767 5.36382 1.50980
0.20136 5.40725 1.50960
0.20776 5.44841 1.50832
0.20887 5.49004 1.50779
0.21426 5.53371 1.50689
0.21720 5.57484 1.50725
0.22386 5.61709 1.50647
0.21958 5.66074 1.50515
0.22430 5.70520 1.50358
0.22568 5.74862 1.50376
0.23169 5.79114 1.50300
0.23026 5.82929 1.50254
0.23715 5.87384 1.50154
0.23693 5.91576 1.50088
0.24207 5.96045 1.50046
0.24153 6.00076 1.50009
0.24441 6.04345 1.49877
0.24274 6.08709 1.49828
0.24762 6.13126 1.49753
0.24789 6.17474 1.49792
0.25685 6.21837 1.49749
0.25791 6.25903 1.49674
0.26318 6.30033 1.49639
0.26463 6.34330 1.49580
0.26742 6.38561 1.49454
0.26740 6.42864 1.49465
0.27272 6.47291 1.49317
0.27595 6.51455 1.49320
0.27905 6.55946 1.49179
0.28288 6.60348 1.49168
0.28820 6.64681 1.49006
0.29031 6.69106 1.48960
0.29611 6.73570 1.48849
0.29848 6.77745 1.48766
0.30045 6.82294 1.48693
0.30502 6.86925 1.48652
0.31132 6.91048 1.48533
0.31575 6.95297 1.48549
0.31772 6.99445 1.48370
0.32400 7.03648 1.48376
0.32832 7.07947 1.48232
0.33023 7.12110 1.48106
0.33294 7.16456 1.48006
0.33736 7.20513 1.47914
0.33909 7.25047 1.47819
0.34415 7.29121 1.47730
0.34565 7.33848 1.47619
0.35168 7.38290 1.47641
0.35379 7.42054 1.47503
0.36170 7.46140 1.47430
0.36701 7.50556 1.47341
0.37526 7.54812 1.47279
0.37381 7.59549 1.47110
0.37955 7.63686 1.47013
0.38177 7.68081 1.47023
0.38914 7.72468 1.46925
0.38968 7.76861 1.46848
0.39819 7.81295 1.46803
0.39951 7.85658 1.46669
0.40962 7.89379 1.46657
0.41037 7.93637 1.46510
0.41693 7.98032 1.46421
0.42209 8.02333 1.46277
0.43144 8.06695 1.46191
0.43453 8.10993 1.46126
0.44225 8.15141 1.46038
0.44595 8.19766 1.45983
0.45297 8.23923 1.45934
0.45374 8.28411 1.45835
0.46579 8.32792 1.45698
0.46530 8.36648 1.45713
0.47320 8.41054 1.45576
0.47436 8.45211 1.45505
0.48283 8.49614 1.45419
0.48348 8.53910 1.45277
0.48782 8.58261 1.45183
0.48957 8.62786 1.45072
0.49938 8.66876 1.45078
0.50237 8.71328 1.44922
0.51035 8.75628 1.44792
0.51400 8.79770 1.44694
0.52489 8.84155 1.44639
0.53044 8.88599 1.44568
0.53370 8.92922 1.44391
0.53334 8.97337 1.44312
0.54088 9.01747 1.44131
0.54348 9.05903 1.44072
0.55158 9.10138 1.44011
0.55469 9.14436 1.43960
0.56182 9.18502 1.43884
0.56326 9.22578 1.43827
0.57116 9.27389 1.43723
0.57784 9.31702 1.43717
0.58434 9.36127 1.43549
0.59064 9.40495 1.43520
0.59667 9.44545 1.43443
0.60241 9.48728 1.43452
0.60789 9.53108 1.43274
0.61537 9.57336 1.43170
0.62013 9.61685 1.43101
0.62856 9.65949 1.43036
0.63326 9.70671 1.42933
0.64072 9.74969 1.42865
0.64595 9.79441 1.42688
0.65542 9.83542 1.42694
0.66126 9.88310 1.42676
0.67053 9.92638 1.42634
0.67365 9.97070 1.42526
0.68321 10.01263 1.42503
0.69087 10.06385 1.42430
0.69907 10.10541 1.42432
0.70116 10.14457 1.42359
0.71212 10.18636 1.42311
0.71536 10.23332 1.42285
0.72445 10.27669 1.42261
0.72771 10.32070 1.42169
0.73621 10.36171 1.42204
0.73726 10.40274 1.42092
0.74955 10.44353 1.42139
0.74892 10.48731 1.42045
0.75920 10.52978 1.41999
0.76472 10.57417 1.42011
0.77494 10.61694 1.41944
0.77817 10.65937 1.41916
0.78438 10.70330 1.41792
0.79156 10.75040 1.41707
0.80134 10.79592 1.41641
0.80590 10.83840 1.41523
0.81763 10.88291 1.41400
0.82390 10.93077 1.41369
0.83361 10.97628 1.41273
0.83805 11.01951 1.41193
0.84629 11.06343 1.41147
0.84798 11.10268 1.40957
0.85780 11.14445 1.40890
0.86080 11.18892 1.40779
0.87032 11.23444 1.40752
0.87535 11.27970 1.40698
0.88594 11.32250 1.40599
0.88780 11.36613 1.40425
0.89812 11.41107 1.40366
0.90415 11.45426 1.40273
0.91849 11.49424 1.40140
0.92106 11.53740 1.40119
0.93219 11.58183 1.39993
0.93739 11.62527 1.39891
0.94872 11.66858 1.39856
0.95296 11.71104 1.39661
0.96436 11.75645 1.39556
0.97011 11.80266 1.39573
0.98445 11.85053 1.39507
0.98862 11.89326 1.39391
1.00188 11.93942 1.39351
1.00611 11.98234 1.39314
1.01377 12.02423 1.39142
1.02172 12.06715 1.39135
1.02922 12.11229 1.39029
1.03446 12.15510 1.38939
1.04283 12.19680 1.38980
1.05133 12.23985 1.39089
1.06179 12.28505 1.38939
1.06756 12.32521 1.38889
1.07455 12.37256 1.38810
1.08168 12.41697 1.38757
1.09051 12.46348 1.38582
1.10092 12.50785 1.38586
1.10846 12.54928 1.38353
1.11834 12.59159 1.38234
1.12843 12.63702 1.38126
1.13897 12.67950 1.38036
1.14527 12.72195 1.37881
1.15532 12.76545 1.37804
1.16165 12.81400 1.37698
1.17250 12.85829 1.37738
1.17502 12.90818 1.37598
1.18755 12.95347 1.37583
1.19245 12.99983 1.37289
1.20535 13.04561 1.37320
1.21047 13.09100 1.37223
1.22316 13.13507 1.37040
1.23010 13.18229 1.36981
1.24256 13.22315 1.36917
1.24640 13.26534 1.36874
1.26083 13.30660 1.36841
1.26609 13.35040 1.36715
1.27922 13.39427 1.36797
1.28469 13.43715 1.36656
1.30164 13.47958 1.36547
1.30685 13.52470 1.36492
1.32076 13.56986 1.36516
1.32429 13.61104 1.36454
1.33700 13.65482 1.36368
1.34416 13.70144 1.36358
1.35435 13.74565 1.36204
1.35690 13.79160 1.36211
1.36942 13.83527 1.36202
1.38117 13.87745 1.36031
1.39419 13.92372 1.35960
1.39941 13.96720 1.35958
1.40930 14.00782 1.35899
1.41177 14.05190 1.35788
1.42503 14.09306 1.35781
1.43003 14.13605 1.35618
1.44269 14.18296 1.35718
1.44632 14.22492 1.35724
1.45842 14.26656 1.35614
1.46516 14.30805 1.35577
1.48093 14.35110 1.35562
1.48580 14.39205 1.35512
1.49785 14.43757 1.35578
1.50425 14.48131 1.35671
1.51637 14.52319 1.35647
1.52386 14.56448 1.35642
1.53819 14.60874 1.35803
1.54604 14.65102 1.35888
1.55607 14.69418 1.35805
1.56527 14.73696 1.35801
1.57625 14.77977 1.35852
1.58418 14.82483 1.35802
1.59389 14.87491 1.35681
1.60078 14.91959 1.35732
1.61214 14.96024 1.35601
1.61871 15.00452 1.35534
1.63147 15.04444 1.35504
1.64061 15.08717 1.35362
1.65064 15.13451 1.35301
1.66175 15.17724 1.35310
1.67298 15.22215 1.35200
1.68446 15.26324 1.35161
1.69178 15.30882 1.34999
1.70296 15.35357 1.35010
1.71197 15.39553 1.34832
1.72344 15.43848 1.34849
1.72877 15.48202 1.34698
1.74023 15.52303 1.34701
1.74394 15.56841 1.34498
1.75683 15.61054 1.34489
1.76015 15.65358 1.34298
1.77330 15.69465 1.34348
1.78028 15.74369 1.34077
1.79347 15.78630 1.34027
1.80271 15.82915 1.33940
1.81511 15.87140 1.33836
1.82545 15.91683 1.33791
1.83951 15.95666 1.33723
1.84643 15.99904 1.33574
1.86174 16.03919 1.33539
1.86960 16.08072 1.33424
1.88369 16.12223 1.33371
1.89325 16.16365 1.33245
1.90531 16.20539 1.33172
1.91184 16.25153 1.33031
1.92382 16.29327 1.32963
1.92916 16.33836 1.32934
1.94268 16.37785 1.32844
1.94818 16.42645 1.32785
1.96096 16.46685 1.32746
1.96705 16.51009 1.32581
1.98211 16.54943 1.32558
1.99495 16.59392 1.32459
2.01062 16.63883 1.32335
2.01852 16.68384 1.32225
2.03350 16.72681 1.32073
2.03804 16.77056 1.31894
2.05246 16.81625 1.31738
2.06449 16.86037 1.31494
2.07644 16.90574 1.31337
2.08263 16.94992 1.31114
2.09523 16.99083 1.30930
2.10642 17.03075 1.30727
2.12161 17.07013 1.30588
2.12903 17.11389 1.30286
2.14598 17.15456 1.30154
2.15512 17.19909 1.29864
2.17091 17.23592 1.29723
2.17991 17.27923 1.29427
2.19369 17.32301 1.29301
2.20444 17.36590 1.29091
2.21563 17.40901 1.28898
2.22393 17.45440 1.28653
2.23887 17.50085 1.28353
2.24877 17.54366 1.28120
2.26289 17.58311 1.27866
2.27282 17.62817 1.27557
2.28646 17.66584 1.27237
2.29727 17.70918 1.26850
2.31593 17.75050 1.26604
2.32894 17.79373 1.26233
2.34020 17.83522 1.25972
2.35488 17.87736 1.25756
2.37128 17.91872 1.25391
2.38645 17.95933 1.25254
2.39339 17.99967 1.24905
2.40863 18.04053 1.24688
2.42264 18.08240 1.24370
2.43963 18.12361 1.24176
2.45266 18.16901 1.23789
2.46788 18.20748 1.23599
2.48026 18.24312 1.23256
2.49683 18.28460 1.23040
2.50975 18.32533 1.22643
2.52864 18.36300 1.22319
2.53835 18.40369 1.21900
2.55692 18.44151 1.21456
2.57167 18.48706 1.20941
2.59077 18.52719 1.20536
2.60282 18.56980 1.19925
2.62114 18.61006 1.19470
2.63176 18.65262 1.18881
2.65179 18.69108 1.18461
2.66360 18.73404 1.17929
2.68264 18.77188 1.17569
2.69627 18.81444 1.16970
2.71324 18.84777 1.16536
2.72467 18.88902 1.16149
2.74389 18.92380 1.15673
2.76249 18.96670 1.15218
2.78214 19.00625 1.14828
2.79772 19.04592 1.14404
2.82125 19.08384 1.13991
2.83713 19.12564 1.13581
2.85610 19.16501 1.13155
2.87412 19.20558 1.12728
2.89612 19.24564 1.12260
2.91049 19.28403 1.11910
2.93145 19.32171 1.11533
2.94527 19.36399 1.11044
2.96778 19.40095 1.10639
2.98029 19.44057 1.10089
3.00222 19.47634 1.09664
3.02414 19.51624 1.09175
3.04750 19.55122 1.08699
3.06761 19.59333 1.08199
3.08940 19.62749 1.07759
3.11274 19.66660 1.07267
3.13684 19.70291 1.06874
3.15319 19.74154 1.06398
3.17536 19.77714 1.05807
3.19415 19.81419 1.05427
3.21703 19.85266 1.05021
3.23190 19.89425 1.04465
3.25675 19.93324 1.03867
3.27431 19.97415 1.03329
3.29917 20.00694 1.02855
3.31786 20.04767 1.02328
3.34188 20.08502 1.01890
3.36502 20.12306 1.01350
3.39068 20.15658 1.00784
3.41613 20.19768 1.00268
3.43916 20.23308 0.99678
3.46397 20.27370 0.99170
3.48654 20.30834 0.98571
3.51318 20.34656 0.98040
3.53877 20.37968 0.97397
3.56254 20.41613 0.96962
3.58552 20.45059 0.96343
3.61103 20.48629 0.95798
3.63521 20.52204 0.95290
3.66104 20.55946 0.94763
3.68855 20.59410 0.94274
3.71472 20.62564 0.93702
3.73772 20.66263 0.93182
3.76377 20.69778 0.92660
3.78684 20.73300 0.92045
3.81575 20.76720 0.91552
3.83564 20.80357 0.90933
3.86497 20.84079 0.90358
3.88895 20.87598 0.89718
3.92029 20.91035 0.89218
3.94367 20.94974 0.88576
3.97516 20.98249 0.88126
4.00319 21.01401 0.87529
4.03622 21.04494 0.87019
4.05860 21.07963 0.86551
4.09101 21.10735 0.86018
4.11368 21.14354 0.85452
4.14675 21.17831 0.84918
4.17261 21.21368 0.84399
4.20330 21.24462 0.83954
4.22815 21.27535 0.83468
4.26177 21.30733 0.83009
4.28798 21.34384 0.82323
4.31862 21.37537 0.81649
4.34766 21.40967 0.81131
4.38252 21.43725 0.80490
4.40686 21.47266 0.79956
4.43918 21.50233 0.79306
4.47053 21.53585 0.78572
4.50537 21.56227 0.77970
4.53305 21.59467 0.77358
4.57004 21.62473 0.76791
4.60072 21.65716 0.76131
4.63005 21.68185 0.75592
4.65646 21.71275 0.74955
4.69044 21.74347 0.74411
4.71974 21.77681 0.73852
4.75347 21.80455 0.73202
4.78504 21.83975 0.72568
4.81974 21.86603 0.72074
4.84931 21.89729 0.71437
4.88767 21.92410 0.70825
4.91783 21.95472 0.70277
4.95362 21.97824 0.69679
4.98329 22.00582 0.69074
5.01877 22.03138 0.68467
5.04874 22.05893 0.67935
5.08163 22.08363 0.67368
5.11293 22.11391 0.66756
5.14729 22.14028 0.66098
5.18230 22.16857 0.65580
5.21647 22.19146 0.64929
5.25346 22.22118 0.64417
5.28646 22.24504 0.63714
5.32520 22.27162 0.63127
5.35831 22.29360 0.62435
5.39602 22.31865 0.62023
5.42824 22.34393 0.61288
5.46257 22.36971 0.60782
5.49051 22.39675 0.60208
5.52555 22.42161 0.59686
5.56084 22.44575 0.59010
5.59850 22.47078 0.58461
5.63216 22.49315 0.57813
5.66926 22.51614 0.57278
5.70613 22.53909 0.56614
5.74794 22.56258 0.56182
5.78431 22.58225 0.55492
5.82624 22.60446 0.55057
5.85974 22.63401 0.54405
5.89780 22.65882 0.53864
5.92962 22.68373 0.53291
5.97174 22.70268 0.52709
6.00245 22.72409 0.52208
6.04477 22.74505 0.51648
6.08477 22.76873 0.50997
6.12994 22.78792 0.50523
6.16237 22.81416 0.49944
6.20641 22.83516 0.49359
6.24265 22.86165 0.48766
6.28750 22.87853 0.48220
6.32464 22.90066 0.47606
6.36931 22.91809 0.47078
6.40239 22.94223 0.46550
6.44362 22.95870 0.45969
6.48131 22.98413 0.45395
6.52453 22.99951 0.44900
6.56276 23.02225 0.44305
6.60451 23.04075 0.43645
6.63887 23.06038 0.43148
6.67994 23.07645 0.42502
6.71946 23.09596 0.41953
6.76123 23.11085 0.41361
6.80397 23.13220 0.40682
6.84481 23.14864 0.40000
6.88599 23.16670 0.39500
6.92912 23.18296 0.38859
6.97102 23.20199 0.38129
7.01469 23.21586 0.37485
7.05260 23.23461 0.36853
7.09571 23.24588 0.36242
7.13530 23.26400 0.35596
7.17703 23.27853 0.34913
7.21642 23.29678 0.34312
7.25801 23.31199 0.33735
7.30248 23.33339 0.33137
7.34420 23.34909 0.32380
7.39188 23.36608 0.31731
7.43575 23.37561 0.31072
7.48048 23.38965 0.30462
7.52119 23.40130 0.29771
7.56811 23.41508 0.29136
7.61200 23.42591 0.28402
7.65746 23.43912 0.27835
7.69987 23.45121 0.27031
7.74771 23.46141 0.26477
7.78880 23.47394 0.25685
7.83290 23.48895 0.25017
7.87536 23.50048 0.24318
7.92054 23.51230 0.23753
7.96122 23.51803 0.22959
8.00827 23.52947 0.22325
8.04765 23.54284 0.21523
8.09780 23.55072 0.21012
8.13928 23.55766 0.20235
8.19033 23.56530 0.19769
8.23080 23.57866 0.18899
8.27715 23.58837 0.18228
8.31866 23.60025 0.17585
8.36755 23.60464 0.17079
8.41098 23.61578 0.16122
8.45982 23.62111 0.15622
8.50547 23.62800 0.14889
8.55289 23.63361 0.14266
8.59166 23.64616 0.13550
8.64116 23.64610 0.13062
8.67759 23.65751 0.12208
8.72591 23.66373 0.11501
8.76924 23.67261 0.10905
8.81686 23.67607 0.10264
8.85817 23.68383 0.09494
8.90675 23.68500 0.08935
8.94795 23.68966 0.08132
8.99528 23.69202 0.07380
9.03533 23.69529 0.06716
9.08125 23.69491 0.06040
9.12659 23.69670 0.05276
9.17246 23.69646 0.04620
9.21791 23.70159 0.03943
9.26559 23.69996 0.03246
9.31311 23.70206 0.02640
9.35633 23.70079 0.01982
9.40025 23.70400 0.01279
9.44700 23.70380 0.00595
9.48921 23.70875 -0.00100
9.53339 23.70690 -0.00773
9.57460 23.71111 -0.01479
9.61902 23.70975 -0.02268
9.66394 23.71062 -0.02859
9.71461 23.70614 -0.03628
9.76078 23.70588 -0.04290
9.80531 23.70256 -0.05037
9.85144 23.70447 -0.05668
9.89854 23.70196 -0.06465
9.94472 23.69896 -0.07069
9.99061 23.69355 -0.07771
10.03329 23.69175 -0.08514
10.07674 23.68635 -0.09281
10.12510 23.68232 -0.09884
10.17107 23.67535 -0.10661
10.21596 23.67260 -0.11297
10.25942 23.66445 -0.12128
10.30706 23.66001 -0.12815
10.35061 23.65151 -0.13591
10.39438 23.64827 -0.14256
10.43828 23.64081 -0.15046
10.48498 23.63468 -0.15689
10.52524 23.62593 -0.16521
10.56969 23.62100 -0.17176
10.61564 23.61077 -0.17961
10.66087 23.60572 -0.18606
10.70356 23.59734 -0.19546
10.75097 23.58801 -0.20175
10.79319 23.57581 -0.20980
10.84130 23.56415 -0.21575
10.88393 23.55776 -0.22484
10.93295 23.54453 -0.23063
10.97317 23.53596 -0.24026
11.02151 23.52386 -0.24634
11.06367 23.52202 -0.25562
11.11271 23.50917 -0.26101
11.15498 23.49745 -0.26931
11.20445 23.48314 -0.27553
11.24216 23.47657 -0.28382
11.29070 23.46255 -0.28880
11.33113 23.44674 -0.29798
11.37986 23.42906 -0.30323
11.42058 23.41386 -0.31124
11.47050 23.39603 -0.31666
11.50868 23.38504 -0.32604
11.55509 23.36701 -0.33178
11.59199 23.35467 -0.33940
11.63830 23.33711 -0.34523
11.67849 23.32394 -0.35258
11.72757 23.30795 -0.35903
11.76753 23.29655 -0.36602
11.81198 23.27854 -0.37234
11.85317 23.26543 -0.37956
11.89748 23.24595 -0.38638
11.94274 23.22964 -0.39281
11.98928 23.21028 -0.39994
12.03005 23.19540 -0.40735
12.07272 23.17585 -0.41371
12.11491 23.15644 -0.42022
12.15724 23.13502 -0.42743
12.19781 23.11649 -0.43430
12.24002 23.09649 -0.44133
12.27951 23.08070 -0.44778
12.32038 23.05996 -0.45551
12.36222 23.03748 -0.46137
12.40466 23.01736 -0.46915
12.44636 22.99525 -0.47546
12.48951 22.97247 -0.48261
12.52991 22.95022 -0.48892
12.56846 22.93121 -0.49708
12.61020 22.90865 -0.50363
12.65009 22.88736 -0.51040
12.69234 22.86726 -0.51651
12.73034 22.84370 -0.52450
12.77097 22.82028 -0.53066
12.81208 22.79832 -0.53903
12.85389 22.77634 -0.54483
12.89074 22.75157 -0.55204
12.93159 22.72700 -0.55857
12.96759 22.70266 -0.56774
13.00887 22.67938 -0.57485
13.04483 22.65152 -0.58236
13.08350 22.62790 -0.58975
13.11958 22.60406 -0.59848
13.16090 22.57606 -0.60554
13.19646 22.55258 -0.61521
13.23612 22.52819 -0.62346
13.27142 22.49918 -0.63309
13.31195 22.47215 -0.64070
13.34314 22.44543 -0.65034
13.38398 22.41624 -0.65743
13.41679 22.39345 -0.66787
13.45659 22.36322 -0.67536
13.48775 22.33644 -0.68532
13.52690 22.30708 -0.69240
13.55842 22.28205 -0.70303
13.59837 22.25162 -0.71024
13.63076 22.22069 -0.72024
13.67084 22.18890 -0.72794
13.69932 22.15715 -0.73794
13.73766 22.12391 -0.74544
13.76811 22.09758 -0.75664
13.80569 22.06627 -0.76359
13.83315 22.03639 -0.77407
13.86891 22.00154 -0.78131
13.89637 21.97115 -0.79054
13.93012 21.93655 -0.79803
13.95427 21.90655 -0.80713
13.98923 21.87327 -0.81559
14.01898 21.83935 -0.82504
14.05259 21.80541 -0.83328
14.08143 21.77456 -0.84157
14.11810 21.74128 -0.84979
14.14765 21.70987 -0.85834
14.17949 21.67582 -0.86679
14.20409 21.63957 -0.87561
14.23311 21.60345 -0.88283
14.26202 21.56992 -0.89215
14.29234 21.53513 -0.90001
14.32043 21.49741 -0.90888
14.34581 21.46164 -0.91752
14.37033 21.42771 -0.92645
14.39847 21.38940 -0.93414
14.42674 21.35332 -0.94327
14.45217 21.31560 -0.95195
14.47810 21.27707 -0.95912
14.50577 21.23913 -0.96880
14.53202 21.20233 -0.97700
14.55889 21.16579 -0.98536
14.58254 21.13167 -0.99235
14.60521 21.09437 -1.00105
14.62797 21.05614 -1.00829
14.65309 21.02185 -1.01725
14.67662 20.98344 -1.02470
14.70111 20.94466 -1.03324
14.72558 20.90740 -1.03982
14.74947 20.87237 -1.04844
14.77310 20.83493 -1.05461
14.79424 20.79925 -1.06250
14.81282 20.76531 -1.06924
14.83032 20.72712 -1.07729
14.85101 20.68708 -1.08277
14.86877 20.64865 -1.09048
14.89033 20.61167 -1.09750
14.91172 20.57347 -1.10498
14.93289 20.53546 -1.10988
14.94706 20.49621 -1.11722
14.96763 20.45948 -1.12409
14.98166 20.42256 -1.13087
15.00426 20.38202 -1.13639
15.01924 20.34790 -1.14318
15.03861 20.30799 -1.14858
15.05702 20.26774 -1.15735
15.07601 20.22617 -1.16285
15.08866 20.18425 -1.17032
15.10863 20.14463 -1.17547
15.12568 20.10871 -1.18307
15.14356 20.06607 -1.18797
15.15734 20.02921 -1.19533
15.17404 19.98959 -1.20050
15.19143 19.95034 -1.20747
15.20687 19.90968 -1.21107
15.22079 19.87253 -1.21879
15.23570 19.83289 -1.22385
15.25221 19.79134 -1.23097
15.26597 19.74893 -1.23396
15.27929 19.71189 -1.24247
15.29265 19.66934 -1.24745
15.30384 19.62925 -1.25406
15.31724 19.58853 -1.25875
15.32821 19.55147 -1.26594
15.33887 19.50830 -1.27030
15.35294 19.47219 -1.27753
15.36313 19.43357 -1.28291
15.37611 19.39152 -1.28787
15.38679 19.35079 -1.29306
15.40284 19.30815 -1.30016
15.41000 19.26540 -1.30519
15.42202 19.22534 -1.31243
15.43018 19.18507 -1.31696
15.44379 19.14421 -1.32367
15.45010 19.10394 -1.32931
15.46020 19.06299 -1.33618
15.46847 19.01864 -1.34271
15.48303 18.97525 -1.34821
15.48977 18.93455 -1.35502
15.50415 18.89464 -1.36134
15.51057 18.85365 -1.36802
15.52513 18.81244 -1.37460
15.52908 18.77260 -1.38092
15.53885 18.72949 -1.38719
15.54460 18.69090 -1.39396
15.55653 18.64950 -1.39948
15.56044 18.61144 -1.40603
15.56820 18.56811 -1.40998
15.57127 18.52900 -1.41624
15.57968 18.48511 -1.42126
15.58335 18.44253 -1.42597
15.59261 18.40214 -1.43004
15.59594 18.36251 -1.43577
15.60448 18.32120 -1.43966
15.60960 18.27838 -1.44537
15.61918 18.23644 -1.44942
15.62475 18.19478 -1.45582
15.62871 18.15368 -1.45902
15.62754 18.11199 -1.46480
15.63533 18.06873 -1.46802
15.63953 18.03016 -1.47382
15.64498 17.98917 -1.47666
15.64433 17.94866 -1.48241
15.64955 17.90955 -1.48547
15.64976 17.86489 -1.49165
15.65626 17.82441 -1.49593
15.65872 17.78151 -1.50161
15.66312 17.74311 -1.50503
15.66348 17.70043 -1.51083
15.66925 17.65722 -1.51444
15.67276 17.61342 -1.52142
15.67315 17.57311 -1.52404
15.67333 17.53120 -1.53053
15.67921 17.48976 -1.53414
15.68054 17.44796 -1.54092
15.68431 17.40515 -1.54525
15.68491 17.35953 -1.55195
15.68236 17.31665 -1.55494
15.68145 17.27394 -1.56071
15.68616 17.23108 -1.56598
15.68577 17.19241 -1.57151
15.68637 17.14831 -1.57584
15.68936 17.09998 -1.58167
15.69010 17.05813 -1.58639
15.68899 17.01778 -1.59179
15.68707 16.97756 -1.59590
15.68334 16.93454 -1.60248
15.68061 16.89177 -1.60648
15.67784 16.84881 -1.61223
15.67378 16.80634 -1.61655
15.67431 16.76414 -1.62330
15.67191 16.72276 -1.62723
15.67025 16.68013 -1.63306
15.66723 16.63829 -1.63812
15.66570 16.59665 -1.64379
15.66238 16.55855 -1.64858
15.66010 16.51668 -1.65289
15.65622 16.47970 -1.65707
15.65649 16.44170 -1.66065
15.64948 16.40378 -1.66542
15.64679 16.36319 -1.66906
15.64018 16.32197 -1.67325
15.63665 16.27968 -1.67654
15.63016 16.24444 -1.68131
15.62687 16.20154 -1.68413
15.62261 16.16243 -1.68871
15.62160 16.12042 -1.69249
15.62008 16.08218 -1.69765
15.61541 16.04417 -1.70054
15.60803 16.00648 -1.70478
15.60709 15.96538 -1.70813
15.59903 15.92588 -1.71232
15.59357 15.88541 -1.71496
15.58705 15.84612 -1.72071
15.58279 15.80535 -1.72365
15.57298 15.76726 -1.72875
15.56878 15.72810 -1.73078
15.56118 15.68787 -1.73583
15.55389 15.64887 -1.73863
15.54432 15.61063 -1.74375
15.53992 15.56685 -1.74668
15.53170 15.53013 -1.75095
15.52558 15.49106 -1.75365
15.52152 15.45030 -1.75988
15.51280 15.40951 -1.76038
15.50658 15.37010 -1.76561
15.49885 15.33091 -1.76740
15.49062 15.29275 -1.77269
15.48370 15.25209 -1.77443
15.47355 15.21443 -1.77922
15.46794 15.17640 -1.78159
15.46004 15.13709 -1.78575
15.45408 15.09675 -1.78829
15.44736 15.05980 -1.79336
15.43947 15.02185 -1.79387
15.43274 14.98184 -1.79949
15.42156 14.94100 -1.80037
15.41197 14.90166 -1.80654
15.40035 14.86039 -1.80797
15.39117 14.82253 -1.81236
15.38154 14.78141 -1.81436
15.37314 14.74527 -1.81971
15.36282 14.70364 -1.82141
15.35285 14.66474 -1.82625
15.33965 14.62698 -1.82818
15.32932 14.59050 -1.83262
15.32150 14.55142 -1.83519
15.30810 14.51453 -1.83857
15.29795 14.47376 -1.83892
15.28560 14.43674 -1.84419
15.27293 14.39470 -1.84656
15.26342 14.35342 -1.85042
15.25197 14.31250 -1.85265
15.23911 14.27347 -1.85625
15.22846 14.23454 -1.85840
15.21726 14.19893 -1.86154
15.20445 14.16347 -1.86420
15.19718 14.12686 -1.86678
15.18494 14.09171 -1.86929
15.17375 14.05274 -1.87160
15.15745 14.01740 -1.87398
15.14665 13.97534 -1.87518
15.13132 13.93994 -1.87801
15.12310 13.89499 -1.87976
15.10923 13.85630 -1.88195
15.10093 13.81620 -1.88384
15.08443 13.78009 -1.88401
15.07462 13.74042 -1.88503
15.06139 13.70627 -1.88563
15.05354 13.66957 -1.88459
15.04095 13.63772 -1.88453
15.03203 13.60301 -1.88206
15.01814 13.57140 -1.88074
15.00938 13.53139 -1.87739
14.99848 13.49399 -1.87516
14.98894 13.45610 -1.87136
14.97258 13.42129 -1.86947
14.96272 13.38280 -1.86537
14.94829 13.35075 -1.86373
14.94245 13.30855 -1.86106
14.93190 13.27465 -1.86124
14.92232 13.23670 -1.85895
14.90676 13.20146 -1.85887
14.89843 13.16645 -1.85772
14.88729 13.13182 -1.85874
14.87615 13.09212 -1.85598
14.86313 13.05321 -1.85581
14.85157 13.01127 -1.85267
14.83693 12.97369 -1.84991
14.82925 12.93529 -1.84736
14.81755 12.89918 -1.84381
14.80806 12.86329 -1.83841
14.79478 12.83061 -1.83621
14.78912 12.79835 -1.83166
14.78103 12.76968 -1.82995
14.77524 12.73808 -1.82551
14.76510 12.71109 -1.82448
14.75892 12.67598 -1.82097
14.75005 12.64803 -1.81995
14.74160 12.61330 -1.81722
14.73322 12.58226 -1.81608
14.72391 12.54682 -1.81327
14.71515 12.51403 -1.81254
14.70861 12.48093 -1.81053
14.70112 12.44563 -1.81002
14.69312 12.41420 -1.80694
14.68563 12.38345 -1.80602
14.67870 12.35036 -1.80234
14.67103 12.31950 -1.80209
14.66527 12.28983 -1.79973
14.65374 12.26045 -1.79895
14.64601 12.22887 -1.79633
14.63903 12.19879 -1.79488
14.63026 12.16658 -1.79211
14.61717 12.13444 -1.79049
14.61214 12.10284 -1.78858
14.60739 12.07437 -1.78749
14.60225 12.04616 -1.78613
14.59446 12.02077 -1.78340
14.58980 12.00008 -1.78267
14.58846 11.97697 -1.78155
14.58157 11.95371 -1.77992
14.57731 11.92842 -1.77846
14.56870 11.90306 -1.77774
14.56887 11.87645 -1.77737
14.56244 11.85518 -1.77593
14.56420 11.83368 -1.77511
14.55715 11.81246 -1.77640
14.55400 11.78761 -1.77638
14.54692 11.76367 -1.77727
14.54426 11.73796 -1.77711
14.53519 11.71380 -1.77706
14.53227 11.68776 -1.77681
14.52696 11.66733 -1.77884
14.52424 11.64362 -1.77822
14.51723 11.62438 -1.77925
14.51716 11.60297 -1.77930
14.51226 11.58518 -1.78056
14.51093 11.56386 -1.78039
14.50176 11.54134 -1.78093
14.49761 11.51739 -1.78104
14.48823 11.49656 -1.78192
14.48612 11.47341 -1.78255
14.48058 11.45272 -1.78359
14.47990 11.43182 -1.78273
14.47637 11.41072 -1.78446
14.47194 11.38626 -1.78379
14.46618 11.36647 -1.78531
14.46139 11.34260 -1.78456
14.45223 11.32049 -1.78559
14.44998 11.29791 -1.78554
14.44492 11.27690 -1.78680
14.44276 11.25482 -1.78538
14.43484 11.23518 -1.78602
14.43289 11.21215 -1.78595
14.42730 11.19217 -1.78801
14.42184 11.16946 -1.78721
14.41292 11.14821 -1.78860
14.40609 11.12475 -1.78784
14.39898 11.10358 -1.78979
14.39645 11.08323 -1.78887
14.38969 11.06540 -1.79062
14.38527 11.04398 -1.79002
14.37947 11.02490 -1.79220
14.37491 11.00347 -1.79063
14.37031 10.98533 -1.79159
14.36689 10.96312 -1.79100
14.36489 10.94594 -1.79229
14.36130 10.92721 -1.79172
14.35945 10.91314 -1.79380
14.35576 10.89603 -1.79290
14.34994 10.87846 -1.79368
14.34392 10.86205 -1.79282
14.34154 10.84460 -1.79429
14.33588 10.82564 -1.79371
14.33118 10.80916 -1.79460
14.33019 10.79019 -1.79408
14.32995 10.77242 -1.79543
14.32641 10.75664 -1.79534
14.32172 10.74134 -1.79578
14.31618 10.72414 -1.79542
14.31437 10.70787 -1.79592
14.30678 10.69085 -1.79741
14.30193 10.67068 -1.79702
14.29421 10.65219 -1.79738
14.29118 10.63215 -1.79713
14.28609 10.61467 -1.79742
14.28338 10.59888 -1.79737
14.27783 10.58307 -1.79835
14.27727 10.56923 -1.79823
14.27251 10.55538 -1.79820
14.27399 10.53905 -1.79917
14.26721 10.52250 -1.79940
14.26652 10.50506 -1.80021
14.25968 10.49037 -1.79985
14.26118 10.47489 -1.80010
14.25721 10.46494 -1.80004
14.25912 10.45647 -1.80032
14.25395 10.45013 -1.80081
14.25336 10.44481 -1.80010
14.24905 10.43786 -1.80166
14.24854 10.42783 -1.80077
14.24565 10.42174 -1.80068
14.24648 10.41651 -1.80129
14.24147 10.40991 -1.80205
14.24124 10.40044 -1.80073
14.23657 10.39336 -1.80238
14.23851 10.39014 -1.80130
14.23387 10.38913 -1.80233
14.23479 10.38254 -1.80212
14.23164 10.37871 -1.80256
14.23269 10.37036 -1.80195
14.22949 10.36571 -1.80288
14.22996 10.35823 -1.80250
14.22545 10.35475 -1.80294
14.22503 10.34800 -1.80173
14.22140 10.34305 -1.80348
14.22575 10.33737 -1.80189
14.22664 10.33221 -1.80367
14.22312 10.32547 -1.80207
14.22030 10.32088 -1.80363
14.22003 10.31257 -1.80269
14.21943 10.30872 -1.80363
14.21987 10.30207 -1.80296
14.21796 10.29890 -1.80403
14.21632 10.29267 -1.80261
14.21076 10.28710 -1.80390
14.21198 10.27912 -1.80343
14.20794 10.27465 -1.80432
14.20668 10.26867 -1.80369
14.20401 10.26285 -1.80493
14.20407 10.25379 -1.80348
14.20070 10.25134 -1.80473
14.20065 10.24458 -1.80326
14.20086 10.24048 -1.80440
14.19970 10.23436 -1.80487
14.19982 10.23253 -1.80486
14.19847 10.22428 -1.80438
14.19574 10.21973 -1.80469
14.19135 10.20852 -1.80394
14.18952 10.20284 -1.80516
14.18898 10.19414 -1.80456
14.19005 10.19163 -1.80562
14.18665 10.18580 -1.80489
14.18570 10.18350 -1.80556
14.18296 10.17732 -1.80568
14.18261 10.17586 -1.80574
14.17886 10.16952 -1.80594
14.17901 10.16258 -1.80566
14.17710 10.15744 -1.80641
14.17681 10.15173 -1.80648
14.17437 10.14258 -1.80644
14.17819 10.13465 -1.80634
14.17336 10.12912 -1.80679
14.17675 10.12039 -1.80683
14.17139 10.11465 -1.80696
14.17060 10.10582 -1.80684
14.16744 10.09845 -1.80726
14.16668 10.08937 -1.80682
14.16183 10.08237 -1.80731
14.16290 10.07465 -1.80744
14.15951 10.06777 -1.80833
14.15987 10.06117 -1.80745
14.15363 10.05427 -1.80806
14.15644 10.04636 -1.80805
14.15087 10.04284 -1.80796
14.15274 10.03376 -1.80736
14.15084 10.02598 -1.80862
14.14973 10.01338 -1.80807
14.14386 10.00496 -1.80908
14.14255 9.99269 -1.80881
14.13907 9.98499 -1.81005
14.13928 9.97364 -1.80947
14.13801 9.96419 -1.80993
14.13822 9.95108 -1.80942
14.13493 9.94033 -1.81098
14.13162 9.92463 -1.80957
14.12551 9.91079 -1.81054
14.12500 9.89330 -1.81008
14.11853 9.87501 -1.81093
14.11490 9.85631 -1.81090
14.10794 9.83745 -1.81135
14.10276 9.81536 -1.81122
14.09527 9.79517 -1.81235
14.08964 9.76982 -1.81112
14.08339 9.75211 -1.81265
14.08052 9.72813 -1.81217
14.07428 9.71030 -1.81462
14.06937 9.68766 -1.81374
14.05964 9.66954 -1.81454
14.05329 9.64794 -1.81322
14.04902 9.62956 -1.81578
14.04302 9.60896 -1.81388
14.03825 9.59266 -1.81541
14.03486 9.57481 -1.81497
14.02925 9.55958 -1.81630
14.02577 9.53821 -1.81533
14.01986 9.52234 -1.81654
14.01551 9.50191 -1.81607
14.01133 9.48103 -1.81782
14.00707 9.45716 -1.81728
14.00244 9.43471 -1.81937
13.99449 9.41091 -1.81771
13.98999 9.38937 -1.81919
13.98436 9.36379 -1.81822
13.97479 9.34423 -1.81937
13.96924 9.31794 -1.81937
13.96098 9.29684 -1.82058
13.95367 9.27222 -1.82086
13.95042 9.25025 -1.82146
13.94532 9.22745 -1.82149
13.93934 9.20415 -1.82169
13.93353 9.17923 -1.82201
13.92864 9.15868 -1.82205
13.91964 9.13337 -1.82176
13.91744 9.11090 -1.82320
13.91089 9.08985 -1.82353
13.90438 9.06792 -1.82323
13.89797 9.04284 -1.82375
13.89471 9.02297 -1.82391
13.88928 9.00053 -1.82510
13.88648 8.97610 -1.82473
13.87630 8.95233 -1.82457
13.87577 8.92878 -1.82532
13.86525 8.90598 -1.82648
13.85966 8.88490 -1.82552
13.85127 8.86418 -1.82668
13.84906 8.83881 -1.82684
13.83936 8.81506 -1.82794
13.83331 8.79009 -1.82726
13.82794 8.76678 -1.82868
13.82146 8.74179 -1.82830
13.81322 8.71922 -1.83007
13.81055 8.69640 -1.82987
13.80509 8.67302 -1.83157
13.80030 8.64846 -1.83071
13.79228 8.62752 -1.83163
13.78802 8.60325 -1.83135
13.77840 8.57848 -1.83300
13.77188 8.55249 -1.83223
13.76367 8.52887 -1.83397
13.75806 8.50064 -1.83323
13.74911 8.47637 -1.83464
13.74383 8.45142 -1.83397
13.73421 8.42812 -1.83546
13.72729 8.39850 -1.83513
13.71872 8.37394 -1.83620
13.71549 8.34451 -1.83548
13.70977 8.32056 -1.83725
13.70325 8.29145 -1.83635
13.69428 8.26800 -1.83811
13.68900 8.23803 -1.83716
13.67947 8.21335 -1.83859
13.67142 8.18198 -1.83752
13.66363 8.16042 -1.83969
13.66100 8.12884 -1.83968
13.65260 8.10366 -1.84027
13.64567 8.07194 -1.84019
13.63665 8.04563 -1.84150
13.62807 8.01703 -1.84066
13.62051 7.99130 -1.84307
13.61156 7.95889 -1.84179
13.60322 7.93305 -1.84329
13.59563 7.90236 -1.84333
13.58893 7.87541 -1.84434
13.57994 7.84187 -1.84403
13.56931 7.81053 -1.84514
13.56025 7.77614 -1.84533
13.54952 7.74429 -1.84567
13.54097 7.70974 -1.84621
13.52887 7.67742 -1.84667
13.52138 7.64588 -1.84732
13.51288 7.61282 -1.84805
13.50352 7.57837 -1.84788
13.49274 7.54697 -1.84888
13.48349 7.51552 -1.84842
13.47603 7.48247 -1.85004
13.46473 7.44617 -1.85099
13.45575 7.41036 -1.85186
13.44284 7.37337 -1.85088
13.43104 7.33811 -1.85122
13.41885 7.30122 -1.85272
13.40898 7.26262 -1.85303
13.39802 7.22513 -1.85404
13.38725 7.18529 -1.85490
13.37477 7.14710 -1.85755
13.36649 7.10911 -1.85912
13.35666 7.07605 -1.86159
13.34959 7.03736 -1.86336
13.33575 7.00110 -1.86546
13.32839 6.96570 -1.86791
13.31645 6.93384 -1.87045
13.30547 6.89457 -1.87063
13.29335 6.85849 -1.87396
13.28380 6.81979 -1.87581
13.27057 6.78493 -1.87768
13.25798 6.74845 -1.87666
13.24665 6.71428 -1.87885
13.23432 6.67803 -1.87806
13.22209 6.64437 -1.87843
13.21201 6.60777 -1.87557
13.19944 6.57553 -1.87391
13.19122 6.53872 -1.87151
13.17936 6.50682 -1.86927
13.16953 6.47041 -1.86415
13.15657 6.43737 -1.86239
13.14903 6.39958 -1.85911
13.14165 6.36715 -1.85765
13.13016 6.33057 -1.85548
13.11834 6.29615 -1.85602
13.10920 6.25850 -1.85473
13.09520 6.22379 -1.85548
13.08538 6.18421 -1.85493
13.07337 6.15022 -1.85574
13.06500 6.11281 -1.85514
13.05287 6.07656 -1.85630
13.04116 6.03510 -1.85574
13.02411 5.99510 -1.85573
13.01612 5.95277 -1.85493
13.00444 5.91727 -1.85595
12.99638 5.87793 -1.85314
12.98011 5.84193 -1.85250
12.97183 5.80029 -1.84917
12.95847 5.76582 -1.84558
12.95192 5.72523 -1.84262
12.93512 5.68789 -1.83977
12.92629 5.65098 -1.83501
12.91527 5.61635 -1.83351
12.90610 5.58015 -1.83241
12.89456 5.54469 -1.82913
12.88516 5.50590 -1.82770
12.87740 5.46777 -1.82847
12.86808 5.43028 -1.82675
12.85933 5.39576 -1.82629
12.84896 5.35841 -1.82544
12.84156 5.32189 -1.82684
12.83200 5.28446 -1.82637
12.82286 5.24652 -1.82678
12.80972 5.20940 -1.82567
12.79694 5.17587 -1.82464
12.78935 5.13852 -1.82327
12.78178 5.10189 -1.82087
12.77090 5.06501 -1.81730
12.75954 5.03038 -1.81434
12.75176 4.99227 -1.81308
12.74164 4.95583 -1.81031
12.73278 4.91941 -1.80915
12.72377 4.87752 -1.80758
12.71304 4.83849 -1.80679
12.70559 4.80230 -1.80496
12.69619 4.76274 -1.80572
12.68672 4.72175 -1.80541
12.67452 4.68281 -1.80584
12.66525 4.64213 -1.80530
12.65615 4.60462 -1.80378
12.64752 4.56137 -1.80033
12.63489 4.52057 -1.79822
12.62735 4.48008 -1.79440
12.61690 4.44098 -1.79147
12.60946 4.39804 -1.78701
12.59697 4.35800 -1.78272
12.59077 4.31562 -1.77714
12.58092 4.27552 -1.77333
12.57528 4.23374 -1.76778
12.56468 4.19257 -1.76358
12.55707 4.14948 -1.75839
12.54672 4.10942 -1.75568
12.53986 4.06646 -1.75127
12.53149 4.02666 -1.74869
12.52399 3.98457 -1.74516
12.51467 3.94334 -1.74435
12.50961 3.90095 -1.74184
12.50172 3.85949 -1.74105
12.49457 3.81768 -1.73962
12.48506 3.78003 -1.74118
12.47864 3.73949 -1.74132
12.47069 3.70589 -1.74260
12.46359 3.66728 -1.74228
12.45685 3.62804 -1.74371
12.45263 3.58847 -1.74357
12.44411 3.55058 -1.74615
12.44010 3.51504 -1.74567
12.43232 3.48779 -1.74712
12.43140 3.45871 -1.74725
12.42163 3.43302 -1.74816
12.41834 3.40389 -1.74840
12.41265 3.38286 -1.75023
12.41044 3.36180 -1.75013
12.40427 3.34295 -1.75108
12.40476 3.32396 -1.75117
12.39925 3.30897 -1.75185
12.39963 3.29665 -1.75096
12.39828 3.28778 -1.75207
12.39847 3.27282 -1.75195
12.39342 3.25878 -1.75137
12.39102 3.24464 -1.75105
12.38476 3.23065 -1.75265
12.38117 3.21607 -1.75175
12.37783 3.19878 -1.75199
12.37401 3.18110 -1.75199
12.36962 3.16308 -1.75239
12.36811 3.14413 -1.75349
12.36123 3.12539 -1.75370
12.36036 3.10826 -1.75296
12.36059 3.08759 -1.75400
12.35772 3.06633 -1.75401
12.35472 3.05008 -1.75369
12.35097 3.03027 -1.75361
12.34890 3.00978 -1.75553
12.34479 2.99300 -1.75492
12.33998 2.97319 -1.75615
12.33584 2.95591 -1.75627
12.33264 2.93564 -1.75685
12.32805 2.91851 -1.75749
12.32365 2.89829 -1.75719
12.31765 2.87929 -1.75755
12.31539 2.86161 -1.75650
12.31336 2.84869 -1.75747
12.31164 2.83628 -1.75669
12.31045 2.82691 -1.75805
12.31097 2.81803 -1.75717
12.30833 2.81207 -1.75736
12.30844 2.80608 -1.75681
12.30828 2.80658 -1.75763
12.30972 2.80455 -1.75724
12.31099 2.80848 -1.75842
12.31270 2.80867 -1.75771
12.30880 2.81137 -1.75772
12.31211 2.81137 -1.75698
12.30991 2.81272 -1.75722
12.30937 2.80836 -1.75686
12.30739 2.80633 -1.75835
12.30727 2.80470 -1.75725
12.31021 2.80594 -1.75841
12.31377 2.80542 -1.75806
12.31225 2.80755 -1.75822
12.31398 2.80837 -1.75701
12.31424 2.80863 -1.75829
12.31591 2.80968 -1.75743
12.31302 2.80976 -1.75802
12.31679 2.81015 -1.75713
12.31825 2.81121 -1.75799
12.31763 2.80784 -1.75696
12.31390 2.80850 -1.75807
12.31131 2.80688 -1.75720
12.30936 2.80636 -1.75865
12.30824 2.80358 -1.75767
12.30353 2.80389 -1.75805
12.30358 2.80421 -1.75714
12.30180 2.80722 -1.75744
12.30243 2.80541 -1.75656
12.30082 2.80504 -1.75869
12.30425 2.80411 -1.75825
12.30437 2.80460 -1.75780
12.30584 2.80508 -1.75783
12.30615 2.80807 -1.75771
12.30813 2.80571 -1.75811
12.30418 2.80638 -1.75755
12.30504 2.80460 -1.75763
12.30465 2.80529 -1.75827
12.30751 2.80778 -1.75827
12.30652 2.80808 -1.75753
12.30923 2.80886 -1.75784
12.30320 2.80705 -1.75772
12.30143 2.80846 -1.75732
12.30403 2.80477 -1.75848
12.30246 2.80455 -1.75822
12.30043 2.80477 -1.75763
12.30103 2.80409 -1.75805
12.30058 2.80424 -1.75772
12.30033 2.80711 -1.75801
12.30381 2.80758 -1.75799
12.30472 2.80627 -1.75896
12.30773 2.80657 -1.75793
12.30744 2.80887 -1.75833
12.30987 2.80769 -1.75770
12.30977 2.80786 -1.75871
12.30640 2.80774 -1.75763
12.30610 2.80728 -1.75833
12.30357 2.80428 -1.75770
12.30402 2.80579 -1.75822
12.30760 2.80543 -1.75772
12.30967 2.80645 -1.75860
12.30675 2.80614 -1.75749
12.30572 2.80423 -1.75851
12.31046 2.80279 -1.75832
12.31146 2.80531 -1.75869
12.31432 2.80407 -1.75758
12.31047 2.80300 -1.75898
12.31288 2.80141 -1.75778
12.31109 2.80294 -1.75847
12.31266 2.80321 -1.75773
12.31590 2.80331 -1.75930
12.31898 2.80426 -1.75743
12.31625 2.80414 -1.75842
12.31487 2.80295 -1.75759
12.31285 2.80629 -1.75865
12.31419 2.80552 -1.75681
12.31656 2.80657 -1.75847
12.31452 2.80634 -1.75770
12.30950 2.80768 -1.75839
12.31083 2.80842 -1.75650
12.31438 2.80968 -1.75919
12.31223 2.80771 -1.75715
12.31239 2.80759 -1.75824
12.30939 2.80509 -1.75741
12.30877 2.80670 -1.75782
12.30784 2.80595 -1.75707
12.30575 2.80914 -1.75803
12.30689 2.80748 -1.75696
12.30696 2.80757 -1.75852
12.30871 2.80682 -1.75771
12.30856 2.80825 -1.75836
12.30999 2.80761 -1.75782
12.31360 2.80794 -1.75838
12.31348 2.80625 -1.75756
12.31427 2.80499 -1.75892
12.31375 2.80414 -1.75761
12.31151 2.80499 -1.75867
12.31309 2.80443 -1.75675
12.31080 2.80681 -1.75822
12.30870 2.80586 -1.75814
12.30959 2.80756 -1.75841
12.31098 2.80829 -1.75743
12.31532 2.80654 -1.75876
12.31649 2.80564 -1.75798
12.31737 2.80503 -1.75866
12.31616 2.80478 -1.75830
12.32072 2.80654 -1.75869
12.32089 2.80740 -1.75859
12.32270 2.81073 -1.75787
12.32147 2.80944 -1.75852
12.31904 2.80976 -1.75840
12.31659 2.81037 -1.75815
12.31937 2.81135 -1.75796
12.31738 2.80909 -1.75822
12.31536 2.80881 -1.75816
12.31308 2.81089 -1.75882
12.31514 2.81049 -1.75799
12.31216 2.80860 -1.75860
12.31162 2.80613 -1.75805
12.30885 2.80551 -1.75824
12.30912 2.80467 -1.75813
12.30632 2.80476 -1.75791
12.30561 2.80432 -1.75736
12.30639 2.80371 -1.75966
12.30751 2.80177 -1.75788
12.30658 2.80353 -1.75896
12.30823 2.80161 -1.75778
12.31197 2.80203 -1.75928
12.31668 2.80470 -1.75809
12.31658 2.80645 -1.75902
12.31657 2.80645 -1.75775
12.32078 2.80849 -1.75940
12.32235 2.80631 -1.75817
12.32102 2.80913 -1.75905
12.31959 2.80860 -1.75741
12.31575 2.80742 -1.75841
12.31652 2.80572 -1.75800
12.31525 2.80618 -1.75884
12.31477 2.80468 -1.75777
12.31299 2.80633 -1.75851
12.31200 2.80554 -1.75758
12.31277 2.80894 -1.75825
12.31510 2.80836 -1.75775
12.31505 2.81195 -1.75854
12.31695 2.81183 -1.75807
12.31523 2.81244 -1.75828
12.31456 2.81223 -1.75681
12.31626 2.81111 -1.75834
12.31671 2.80868 -1.75739
12.31642 2.80972 -1.75837
12.31415 2.80800 -1.75690
12.31135 2.80813 -1.75815
12.31220 2.80865 -1.75788
12.31323 2.80891 -1.75807
12.31212 2.80690 -1.75705
12.31103 2.80597 -1.75887
12.30964 2.80445 -1.75652
12.30942 2.80574 -1.75887
12.30897 2.80533 -1.75638
12.31003 2.80606 -1.75911
12.30966 2.80423 -1.75735
12.30946 2.80628 -1.75790
12.31126 2.80624 -1.75765
12.30949 2.80852 -1.75830
12.30988 2.80604 -1.75782
12.30781 2.80574 -1.75777
12.31005 2.80595 -1.75817
12.30893 2.80585 -1.75792
12.30987 2.80830 -1.75747
12.30866 2.80450 -1.75828
12.30894 2.80239 -1.75864
12.30921 2.80326 -1.75871
12.30738 2.80487 -1.75791
12.30953 2.80656 -1.75746
12.31021 2.80603 -1.75826
12.30997 2.80560 -1.75811
12.31054 2.80424 -1.75862
12.30836 2.80275 -1.75818
12.30944 2.80393 -1.75880
12.30865 2.80324 -1.75767
12.30986 2.80584 -1.75796
12.31100 2.80773 -1.75775
12.30732 2.80802 -1.75881
12.30869 2.80879 -1.75827
12.30775 2.80868 -1.75969
12.31121 2.80636 -1.75804
12.31017 2.80604 -1.76079
12.31007 2.80536 -1.75740
12.30974 2.80631 -1.75894
12.30980 2.80311 -1.75818
12.30986 2.80479 -1.75845
12.31219 2.80374 -1.75728
12.31227 2.80401 -1.75906
12.31378 2.80467 -1.75848
12.31319 2.80523 -1.75915
12.31249 2.80542 -1.75734
12.31390 2.80607 -1.75933
12.31335 2.80645 -1.75723
12.31163 2.80865 -1.75847
12.31250 2.80783 -1.75766
12.31379 2.80944 -1.75861
12.31675 2.80983 -1.75763
12.31333 2.80965 -1.75869
12.31367 2.80856 -1.75732
12.31633 2.80962 -1.75936
12.31481 2.80821 -1.75698
12.31546 2.80964 -1.75862
12.31718 2.80912 -1.75749
12.31430 2.81021 -1.75862
12.31516 2.80811 -1.75733
12.31413 2.80703 -1.75882
12.31362 2.80452 -1.75785
12.31647 2.80418 -1.75878
12.31495 2.80339 -1.75706
12.31385 2.80471 -1.75862
12.31254 2.80313 -1.75768
12.31211 2.80675 -1.75841
12.31509 2.80569 -1.75755
12.31430 2.80825 -1.75862
12.31518 2.80786 -1.75717
12.31771 2.81125 -1.75871
12.31492 2.80874 -1.75705
12.31106 2.80918 -1.75784
12.31090 2.80711 -1.75785
12.30970 2.80849 -1.75833
12.31099 2.80734 -1.75832
12.31100 2.80474 -1.75867
12.31154 2.80571 -1.75817
12.30721 2.80613 -1.75815
12.30800 2.80591 -1.75803
12.31353 2.80456 -1.75903
12.31514 2.80484 -1.75808
12.31655 2.80762 -1.75814
12.31577 2.80696 -1.75835
12.31766 2.80551 -1.75875
12.31599 2.80618 -1.75776
12.31437 2.80572 -1.75863
12.31380 2.80613 -1.75796
12.31602 2.80616 -1.75829
12.31456 2.80596 -1.75758
12.31713 2.80939 -1.75792
12.31647 2.81091 -1.75891
12.31992 2.81071 -1.75806
12.31831 2.80749 -1.75899
