0.05090 -0.62218 1.57069
0.04635 -0.62241 1.57102
0.05132 -0.62475 1.57194
0.05950 -0.65298 1.57382
0.05586 -0.77023 1.57647
0.05731 -0.77253 1.57695
0.05715 -0.77145 1.57689
0.05415 -0.77171 1.57697
0.05548 -0.76978 1.57642
0.05804 -0.77088 1.57668
0.06041 -0.76738 1.57705
0.05843 -0.76776 1.57660
0.06160 -0.76272 1.57570
0.06094 -0.75712 1.57609
0.05898 -0.75199 1.57640
0.05860 -0.74591 1.57586
0.06107 -0.74031 1.57610
0.06116 -0.73379 1.57559
0.05564 -0.72472 1.57510
0.05619 -0.71523 1.57566
0.06163 -0.70012 1.57529
0.06387 -0.68775 1.57576
0.06269 -0.67043 1.57507
0.06594 -0.65603 1.57633
0.06118 -0.64314 1.57660
0.06309 -0.62741 1.57732
0.06339 -0.60978 1.57812
0.06447 -0.59032 1.57918
0.06012 -0.57213 1.58041
0.06062 -0.55230 1.58086
0.05843 -0.53007 1.58164
0.05932 -0.50817 1.58185
0.05982 -0.48120 1.58179
0.06150 -0.45781 1.58194
0.05898 -0.43026 1.58197
0.06310 -0.40238 1.58157
0.06255 -0.37471 1.58155
0.06609 -0.34583 1.58069
0.06537 -0.31585 1.58020
0.06999 -0.28278 1.57950
0.07044 -0.25173 1.57949
0.07174 -0.21750 1.57770
0.06582 -0.18461 1.57735
0.06972 -0.14974 1.57649
0.06640 -0.10943 1.57620
0.06939 -0.07097 1.57537
0.06471 -0.03198 1.57490
0.06314 0.00785 1.57434
0.05999 0.04519 1.57346
0.06231 0.08660 1.57237
0.06126 0.12895 1.57236
0.06058 0.17318 1.57089
0.05775 0.21794 1.57073
0.06081 0.26529 1.56924
0.05894 0.31478 1.56830
0.06111 0.36369 1.56687
0.06093 0.40740 1.56607
0.06110 0.45057 1.56420
0.06178 0.49387 1.56541
0.06886 0.53729 1.56446
0.06586 0.57831 1.56449
0.06468 0.62207 1.56328
0.06208 0.66393 1.56539
0.06453 0.70550 1.56539
0.06551 0.74543 1.56833
0.06582 0.79034 1.56996
0.06578 0.83376 1.57180
0.06845 0.87683 1.57377
0.06889 0.91617 1.57621
0.06708 0.95814 1.57712
0.06750 0.99635 1.57919
0.06532 1.03602 1.57921
0.06131 1.07231 1.57768
0.06048 1.11438 1.57799
0.06140 1.15440 1.57845
0.06038 1.19637 1.57771
0.06034 1.23384 1.57714
0.06180 1.27720 1.57567
0.06319 1.31648 1.57626
0.06493 1.36138 1.57420
0.06606 1.40247 1.57404
0.06261 1.44175 1.57213
0.06519 1.48426 1.57180
0.06813 1.52455 1.56990
0.07016 1.56775 1.56928
0.06654 1.61124 1.56754
0.07410 2.23562 1.55611
0.07917 2.40213 1.55347
0.09576 3.08900 1.54130
0.18305 5.10335 1.51392
0.20776 5.44841 1.50832
0.21958 5.66074 1.50515
0.26740 6.42864 1.49465
0.27595 6.51455 1.49320
0.29611 6.73570 1.48849
0.29848 6.77745 1.48766
0.30045 6.82294 1.48693
0.30502 6.86925 1.48652
0.31132 6.91048 1.48533
0.31575 6.95297 1.48549
0.31772 6.99445 1.48370
0.32400 7.03648 1.48376
0.32832 7.07947 1.48232
0.33023 7.12110 1.48106
0.33294 7.16456 1.48006
0.33736 7.20513 1.47914
0.33909 7.25047 1.47819
0.34415 7.29121 1.47730
0.34565 7.33848 1.47619
0.35168 7.38290 1.47641
0.35379 7.42054 1.47503
0.36170 7.46140 1.47430
0.36701 7.50556 1.47341
0.37526 7.54812 1.47279
0.37381 7.59549 1.47110
0.37955 7.63686 1.47013
0.38177 7.68081 1.47023
0.38914 7.72468 1.46925
0.38968 7.76861 1.46848
0.39819 7.81295 1.46803
0.39951 7.85658 1.46669
0.40962 7.89379 1.46657
0.41037 7.93637 1.46510
0.41693 7.98032 1.46421
0.42209 8.02333 1.46277
0.43144 8.06695 1.46191
0.43453 8.10993 1.46126
0.44225 8.15141 1.46038
0.44595 8.19766 1.45983
0.45297 8.23923 1.45934
0.45374 8.28411 1.45835
0.46579 8.32792 1.45698
0.46530 8.36648 1.45713
0.47320 8.41054 1.45576
0.47436 8.45211 1.45505
0.48283 8.49614 1.45419
0.48348 8.53910 1.45277
0.48782 8.58261 1.45183
0.48957 8.62786 1.45072
0.49938 8.66876 1.45078
0.50237 8.71328 1.44922
0.51035 8.75628 1.44792
0.51400 8.79770 1.44694
0.52489 8.84155 1.44639
0.53044 8.88599 1.44568
0.53370 8.92922 1.44391
0.53334 8.97337 1.44312
0.54088 9.01747 1.44131
0.54348 9.05903 1.44072
0.55158 9.10138 1.44011
0.55469 9.14436 1.43960
0.56182 9.18502 1.43884
0.56326 9.22578 1.43827
0.57116 9.27389 1.43723
0.57784 9.31702 1.43717
0.58434 9.36127 1.43549
0.59064 9.40495 1.43520
0.59667 9.44545 1.43443
0.60241 9.48728 1.43452
0.60789 9.53108 1.43274
0.61537 9.57336 1.43170
0.62013 9.61685 1.43101
0.62856 9.65949 1.43036
0.63326 9.70671 1.42933
0.64072 9.74969 1.42865
0.64595 9.79441 1.42688
0.65542 9.83542 1.42694
0.66126 9.88310 1.42676
0.67053 9.92638 1.42634
0.67365 9.97070 1.42526
0.68321 10.01263 1.42503
0.69087 10.06385 1.42430
0.69907 10.10541 1.42432
0.70116 10.14457 1.42359
0.71212 10.18636 1.42311
1.17250 12.85829 1.37738
1.26083 13.30660 1.36841
1.27922 13.39427 1.36797
1.30164 13.47958 1.36547
1.34416 13.70144 1.36358
1.35435 13.74565 1.36204
1.35690 13.79160 1.36211
1.36942 13.83527 1.36202
1.38117 13.87745 1.36031
1.39419 13.92372 1.35960
1.39941 13.96720 1.35958
1.40930 14.00782 1.35899
1.41177 14.05190 1.35788
1.42503 14.09306 1.35781
1.43003 14.13605 1.35618
1.44269 14.18296 1.35718
1.44632 14.22492 1.35724
1.45842 14.26656 1.35614
1.46516 14.30805 1.35577
1.48093 14.35110 1.35562
1.48580 14.39205 1.35512
1.49785 14.43757 1.35578
1.50425 14.48131 1.35671
1.51637 14.52319 1.35647
1.52386 14.56448 1.35642
1.53819 14.60874 1.35803
1.54604 14.65102 1.35888
1.55607 14.69418 1.35805
1.56527 14.73696 1.35801
1.57625 14.77977 1.35852
1.58418 14.82483 1.35802
1.59389 14.87491 1.35681
1.60078 14.91959 1.35732
1.61214 14.96024 1.35601
1.61871 15.00452 1.35534
1.63147 15.04444 1.35504
1.64061 15.08717 1.35362
1.65064 15.13451 1.35301
1.66175 15.17724 1.35310
1.67298 15.22215 1.35200
1.68446 15.26324 1.35161
1.69178 15.30882 1.34999
1.70296 15.35357 1.35010
1.71197 15.39553 1.34832
1.72344 15.43848 1.34849
1.72877 15.48202 1.34698
1.74023 15.52303 1.34701
1.74394 15.56841 1.34498
1.75683 15.61054 1.34489
1.76015 15.65358 1.34298
1.77330 15.69465 1.34348
1.78028 15.74369 1.34077
1.79347 15.78630 1.34027
1.80271 15.82915 1.33940
1.81511 15.87140 1.33836
1.82545 15.91683 1.33791
1.83951 15.95666 1.33723
1.84643 15.99904 1.33574
1.86174 16.03919 1.33539
1.86960 16.08072 1.33424
1.88369 16.12223 1.33371
1.89325 16.16365 1.33245
1.90531 16.20539 1.33172
1.91184 16.25153 1.33031
1.92382 16.29327 1.32963
2.40863 18.04053 1.24688
2.49683 18.28460 1.23040
2.52864 18.36300 1.22319
2.55692 18.44151 1.21456
2.57167 18.48706 1.20941
2.59077 18.52719 1.20536
2.62114 18.61006 1.19470
2.65179 18.69108 1.18461
2.68264 18.77188 1.17569
2.78214 19.00625 1.14828
2.93145 19.32171 1.11533
2.96778 19.40095 1.10639
3.00222 19.47634 1.09664
3.06761 19.59333 1.08199
3.08940 19.62749 1.07759
3.11274 19.66660 1.07267
3.13684 19.70291 1.06874
3.15319 19.74154 1.06398
3.17536 19.77714 1.05807
3.19415 19.81419 1.05427
3.21703 19.85266 1.05021
3.23190 19.89425 1.04465
3.25675 19.93324 1.03867
3.27431 19.97415 1.03329
3.29917 20.00694 1.02855
3.31786 20.04767 1.02328
3.34188 20.08502 1.01890
3.36502 20.12306 1.01350
3.39068 20.15658 1.00784
3.41613 20.19768 1.00268
3.43916 20.23308 0.99678
3.46397 20.27370 0.99170
3.48654 20.30834 0.98571
3.51318 20.34656 0.98040
3.53877 20.37968 0.97397
3.56254 20.41613 0.96962
3.58552 20.45059 0.96343
3.61103 20.48629 0.95798
3.63521 20.52204 0.95290
3.66104 20.55946 0.94763
3.68855 20.59410 0.94274
3.71472 20.62564 0.93702
3.73772 20.66263 0.93182
3.76377 20.69778 0.92660
3.78684 20.73300 0.92045
3.81575 20.76720 0.91552
3.83564 20.80357 0.90933
3.86497 20.84079 0.90358
3.88895 20.87598 0.89718
3.92029 20.91035 0.89218
3.94367 20.94974 0.88576
3.97516 20.98249 0.88126
4.00319 21.01401 0.87529
4.03622 21.04494 0.87019
6.08477 22.76873 0.50997
6.12994 22.78792 0.50523
6.28750 22.87853 0.48220
6.44362 22.95870 0.45969
6.52453 22.99951 0.44900
6.60451 23.04075 0.43645
6.80397 23.13220 0.40682
6.84481 23.14864 0.40000
6.88599 23.16670 0.39500
6.92912 23.18296 0.38859
6.97102 23.20199 0.38129
7.01469 23.21586 0.37485
7.05260 23.23461 0.36853
7.09571 23.24588 0.36242
7.13530 23.26400 0.35596
7.17703 23.27853 0.34913
7.21642 23.29678 0.34312
7.25801 23.31199 0.33735
7.30248 23.33339 0.33137
7.34420 23.34909 0.32380
7.39188 23.36608 0.31731
7.43575 23.37561 0.31072
7.48048 23.38965 0.30462
7.52119 23.40130 0.29771
7.56811 23.41508 0.29136
7.61200 23.42591 0.28402
7.65746 23.43912 0.27835
7.69987 23.45121 0.27031
7.74771 23.46141 0.26477
7.78880 23.47394 0.25685
7.83290 23.48895 0.25017
7.87536 23.50048 0.24318
7.92054 23.51230 0.23753
7.96122 23.51803 0.22959
8.00827 23.52947 0.22325
8.04765 23.54284 0.21523
8.09780 23.55072 0.21012
8.13928 23.55766 0.20235
8.19033 23.56530 0.19769
8.23080 23.57866 0.18899
8.27715 23.58837 0.18228
8.31866 23.60025 0.17585
8.36755 23.60464 0.17079
8.41098 23.61578 0.16122
8.45982 23.62111 0.15622
8.50547 23.62800 0.14889
8.55289 23.63361 0.14266
8.59166 23.64616 0.13550
8.64116 23.64610 0.13062
8.67759 23.65751 0.12208
8.72591 23.66373 0.11501
8.76924 23.67261 0.10905
8.81686 23.67607 0.10264
8.85817 23.68383 0.09494
8.90675 23.68500 0.08935
8.94795 23.68966 0.08132
8.99528 23.69202 0.07380
9.03533 23.69529 0.06716
9.08125 23.69491 0.06040
9.12659 23.69670 0.05276
9.17246 23.69646 0.04620
9.21791 23.70159 0.03943
9.26559 23.69996 0.03246
9.31311 23.70206 0.02640
9.35633 23.70079 0.01982
9.40025 23.70400 0.01279
12.19781 23.11649 -0.43430
12.24002 23.09649 -0.44133
12.32038 23.05996 -0.45551
12.48951 22.97247 -0.48261
12.52991 22.95022 -0.48892
12.56846 22.93121 -0.49708
12.69234 22.86726 -0.51651
12.81208 22.79832 -0.53903
12.85389 22.77634 -0.54483
12.89074 22.75157 -0.55204
12.93159 22.72700 -0.55857
12.96759 22.70266 -0.56774
13.00887 22.67938 -0.57485
13.04483 22.65152 -0.58236
13.08350 22.62790 -0.58975
13.11958 22.60406 -0.59848
13.16090 22.57606 -0.60554
13.19646 22.55258 -0.61521
13.23612 22.52819 -0.62346
13.27142 22.49918 -0.63309
13.31195 22.47215 -0.64070
13.34314 22.44543 -0.65034
13.38398 22.41624 -0.65743
13.41679 22.39345 -0.66787
13.45659 22.36322 -0.67536
13.48775 22.33644 -0.68532
13.52690 22.30708 -0.69240
13.55842 22.28205 -0.70303
13.59837 22.25162 -0.71024
13.63076 22.22069 -0.72024
13.67084 22.18890 -0.72794
13.69932 22.15715 -0.73794
13.73766 22.12391 -0.74544
13.76811 22.09758 -0.75664
13.80569 22.06627 -0.76359
13.83315 22.03639 -0.77407
13.86891 22.00154 -0.78131
13.89637 21.97115 -0.79054
13.93012 21.93655 -0.79803
13.95427 21.90655 -0.80713
13.98923 21.87327 -0.81559
14.01898 21.83935 -0.82504
14.05259 21.80541 -0.83328
14.08143 21.77456 -0.84157
14.11810 21.74128 -0.84979
14.14765 21.70987 -0.85834
14.17949 21.67582 -0.86679
14.20409 21.63957 -0.87561
14.23311 21.60345 -0.88283
14.26202 21.56992 -0.89215
14.29234 21.53513 -0.90001
15.43018 19.18507 -1.31696
15.44379 19.14421 -1.32367
15.46847 19.01864 -1.34271
15.48977 18.93455 -1.35502
15.51057 18.85365 -1.36802
15.52513 18.81244 -1.37460
15.52908 18.77260 -1.38092
15.54460 18.69090 -1.39396
15.55653 18.64950 -1.39948
15.57127 18.52900 -1.41624
15.57968 18.48511 -1.42126
15.58335 18.44253 -1.42597
15.59261 18.40214 -1.43004
15.59594 18.36251 -1.43577
15.60448 18.32120 -1.43966
15.60960 18.27838 -1.44537
15.61918 18.23644 -1.44942
15.62475 18.19478 -1.45582
15.62871 18.15368 -1.45902
15.62754 18.11199 -1.46480
15.63533 18.06873 -1.46802
15.63953 18.03016 -1.47382
15.64498 17.98917 -1.47666
15.64433 17.94866 -1.48241
15.64955 17.90955 -1.48547
15.64976 17.86489 -1.49165
15.65626 17.82441 -1.49593
15.65872 17.78151 -1.50161
15.66312 17.74311 -1.50503
15.66348 17.70043 -1.51083
15.66925 17.65722 -1.51444
15.67276 17.61342 -1.52142
15.67315 17.57311 -1.52404
15.67333 17.53120 -1.53053
15.67921 17.48976 -1.53414
15.68054 17.44796 -1.54092
15.68431 17.40515 -1.54525
15.68491 17.35953 -1.55195
15.68236 17.31665 -1.55494
15.68145 17.27394 -1.56071
15.68616 17.23108 -1.56598
15.68577 17.19241 -1.57151
15.68637 17.14831 -1.57584
15.68936 17.09998 -1.58167
15.69010 17.05813 -1.58639
15.68899 17.01778 -1.59179
15.68707 16.97756 -1.59590
15.68334 16.93454 -1.60248
15.68061 16.89177 -1.60648
15.67784 16.84881 -1.61223
15.67378 16.80634 -1.61655
15.67431 16.76414 -1.62330
15.67191 16.72276 -1.62723
15.67025 16.68013 -1.63306
15.66723 16.63829 -1.63812
15.66570 16.59665 -1.64379
15.66238 16.55855 -1.64858
15.66010 16.51668 -1.65289
15.65622 16.47970 -1.65707
15.65649 16.44170 -1.66065
15.64948 16.40378 -1.66542
15.64679 16.36319 -1.66906
15.64018 16.32197 -1.67325
15.63665 16.27968 -1.67654
15.63016 16.24444 -1.68131
15.62687 16.20154 -1.68413
15.62261 16.16243 -1.68871
15.62160 16.12042 -1.69249
15.62008 16.08218 -1.69765
15.61541 16.04417 -1.70054
15.60803 16.00648 -1.70478
15.60709 15.96538 -1.70813
15.01814 13.57140 -1.88074
15.00938 13.53139 -1.87739
14.97258 13.42129 -1.86947
14.96272 13.38280 -1.86537
14.94829 13.35075 -1.86373
14.92232 13.23670 -1.85895
14.90676 13.20146 -1.85887
14.89843 13.16645 -1.85772
14.88729 13.13182 -1.85874
14.87615 13.09212 -1.85598
14.86313 13.05321 -1.85581
14.85157 13.01127 -1.85267
14.83693 12.97369 -1.84991
14.82925 12.93529 -1.84736
14.81755 12.89918 -1.84381
14.80806 12.86329 -1.83841
14.79478 12.83061 -1.83621
14.78912 12.79835 -1.83166
14.78103 12.76968 -1.82995
14.77524 12.73808 -1.82551
14.76510 12.71109 -1.82448
14.75892 12.67598 -1.82097
14.75005 12.64803 -1.81995
14.74160 12.61330 -1.81722
14.73322 12.58226 -1.81608
14.72391 12.54682 -1.81327
14.71515 12.51403 -1.81254
14.70861 12.48093 -1.81053
14.70112 12.44563 -1.81002
14.69312 12.41420 -1.80694
14.68563 12.38345 -1.80602
14.67870 12.35036 -1.80234
14.67103 12.31950 -1.80209
14.66527 12.28983 -1.79973
14.65374 12.26045 -1.79895
14.64601 12.22887 -1.79633
14.63903 12.19879 -1.79488
14.63026 12.16658 -1.79211
14.61717 12.13444 -1.79049
14.61214 12.10284 -1.78858
14.60739 12.07437 -1.78749
14.60225 12.04616 -1.78613
14.59446 12.02077 -1.78340
14.58980 12.00008 -1.78267
14.58846 11.97697 -1.78155
14.58157 11.95371 -1.77992
14.57731 11.92842 -1.77846
14.56870 11.90306 -1.77774
14.56887 11.87645 -1.77737
14.56244 11.85518 -1.77593
14.56420 11.83368 -1.77511
14.55715 11.81246 -1.77640
14.55400 11.78761 -1.77638
14.54692 11.76367 -1.77727
14.54426 11.73796 -1.77711
14.53519 11.71380 -1.77706
14.53227 11.68776 -1.77681
14.52696 11.66733 -1.77884
14.52424 11.64362 -1.77822
14.51723 11.62438 -1.77925
14.51716 11.60297 -1.77930
14.51226 11.58518 -1.78056
14.51093 11.56386 -1.78039
14.50176 11.54134 -1.78093
14.49761 11.51739 -1.78104
14.48823 11.49656 -1.78192
14.48612 11.47341 -1.78255
14.48058 11.45272 -1.78359
14.47990 11.43182 -1.78273
14.47637 11.41072 -1.78446
14.47194 11.38626 -1.78379
14.46618 11.36647 -1.78531
14.46139 11.34260 -1.78456
14.45223 11.32049 -1.78559
14.44998 11.29791 -1.78554
14.44492 11.27690 -1.78680
14.26721 10.52250 -1.79940
14.25912 10.45647 -1.80032
14.25395 10.45013 -1.80081
14.24905 10.43786 -1.80166
14.24854 10.42783 -1.80077
14.24648 10.41651 -1.80129
14.24147 10.40991 -1.80205
14.24124 10.40044 -1.80073
14.23657 10.39336 -1.80238
14.23851 10.39014 -1.80130
14.23387 10.38913 -1.80233
14.23479 10.38254 -1.80212
14.23164 10.37871 -1.80256
14.22949 10.36571 -1.80288
14.22996 10.35823 -1.80250
14.22140 10.34305 -1.80348
14.22664 10.33221 -1.80367
14.22030 10.32088 -1.80363
14.22003 10.31257 -1.80269
14.21796 10.29890 -1.80403
14.21632 10.29267 -1.80261
14.21076 10.28710 -1.80390
14.20794 10.27465 -1.80432
14.20401 10.26285 -1.80493
14.20407 10.25379 -1.80348
14.20070 10.25134 -1.80473
14.20065 10.24458 -1.80326
14.20086 10.24048 -1.80440
14.19970 10.23436 -1.80487
14.19982 10.23253 -1.80486
14.19847 10.22428 -1.80438
14.19574 10.21973 -1.80469
14.19135 10.20852 -1.80394
14.18952 10.20284 -1.80516
14.18898 10.19414 -1.80456
14.19005 10.19163 -1.80562
14.18665 10.18580 -1.80489
14.18570 10.18350 -1.80556
14.18296 10.17732 -1.80568
14.18261 10.17586 -1.80574
14.17886 10.16952 -1.80594
14.17901 10.16258 -1.80566
14.17710 10.15744 -1.80641
14.17681 10.15173 -1.80648
14.17437 10.14258 -1.80644
14.17819 10.13465 -1.80634
14.17336 10.12912 -1.80679
14.17675 10.12039 -1.80683
14.17139 10.11465 -1.80696
14.17060 10.10582 -1.80684
14.16744 10.09845 -1.80726
14.16668 10.08937 -1.80682
14.16183 10.08237 -1.80731
14.16290 10.07465 -1.80744
14.15951 10.06777 -1.80833
14.15987 10.06117 -1.80745
14.15363 10.05427 -1.80806
14.15644 10.04636 -1.80805
14.15087 10.04284 -1.80796
14.15274 10.03376 -1.80736
14.15084 10.02598 -1.80862
14.14973 10.01338 -1.80807
14.14386 10.00496 -1.80908
14.14255 9.99269 -1.80881
14.13907 9.98499 -1.81005
13.82146 8.74179 -1.82830
13.81322 8.71922 -1.83007
13.81055 8.69640 -1.82987
13.79228 8.62752 -1.83163
13.78802 8.60325 -1.83135
13.77840 8.57848 -1.83300
13.77188 8.55249 -1.83223
13.76367 8.52887 -1.83397
13.75806 8.50064 -1.83323
13.74911 8.47637 -1.83464
13.74383 8.45142 -1.83397
13.73421 8.42812 -1.83546
13.72729 8.39850 -1.83513
13.71872 8.37394 -1.83620
13.70977 8.32056 -1.83725
13.70325 8.29145 -1.83635
13.69428 8.26800 -1.83811
13.68900 8.23803 -1.83716
13.67947 8.21335 -1.83859
13.67142 8.18198 -1.83752
13.66363 8.16042 -1.83969
13.66100 8.12884 -1.83968
13.65260 8.10366 -1.84027
13.64567 8.07194 -1.84019
13.63665 8.04563 -1.84150
13.62807 8.01703 -1.84066
13.62051 7.99130 -1.84307
13.61156 7.95889 -1.84179
13.60322 7.93305 -1.84329
13.59563 7.90236 -1.84333
13.58893 7.87541 -1.84434
13.57994 7.84187 -1.84403
13.56931 7.81053 -1.84514
13.56025 7.77614 -1.84533
13.54952 7.74429 -1.84567
13.54097 7.70974 -1.84621
13.52887 7.67742 -1.84667
13.52138 7.64588 -1.84732
13.51288 7.61282 -1.84805
13.50352 7.57837 -1.84788
13.49274 7.54697 -1.84888
13.48349 7.51552 -1.84842
13.47603 7.48247 -1.85004
13.46473 7.44617 -1.85099
13.45575 7.41036 -1.85186
13.44284 7.37337 -1.85088
13.43104 7.33811 -1.85122
13.41885 7.30122 -1.85272
13.40898 7.26262 -1.85303
13.39802 7.22513 -1.85404
13.38725 7.18529 -1.85490
13.37477 7.14710 -1.85755
13.36649 7.10911 -1.85912
13.35666 7.07605 -1.86159
13.34959 7.03736 -1.86336
13.33575 7.00110 -1.86546
13.32839 6.96570 -1.86791
13.31645 6.93384 -1.87045
13.30547 6.89457 -1.87063
13.29335 6.85849 -1.87396
13.28380 6.81979 -1.87581
13.27057 6.78493 -1.87768
13.25798 6.74845 -1.87666
13.24665 6.71428 -1.87885
13.23432 6.67803 -1.87806
13.22209 6.64437 -1.87843
13.21201 6.60777 -1.87557
13.19944 6.57553 -1.87391
13.19122 6.53872 -1.87151
13.17936 6.50682 -1.86927
13.16953 6.47041 -1.86415
13.15657 6.43737 -1.86239
13.14903 6.39958 -1.85911
13.14165 6.36715 -1.85765
13.13016 6.33057 -1.85548
13.11834 6.29615 -1.85602
13.10920 6.25850 -1.85473
13.09520 6.22379 -1.85548
12.50172 3.85949 -1.74105
12.44411 3.55058 -1.74615
12.44010 3.51504 -1.74567
12.42163 3.43302 -1.74816
12.41834 3.40389 -1.74840
12.41265 3.38286 -1.75023
12.40427 3.34295 -1.75108
12.39925 3.30897 -1.75185
12.39963 3.29665 -1.75096
12.39828 3.28778 -1.75207
12.39847 3.27282 -1.75195
12.39342 3.25878 -1.75137
12.39102 3.24464 -1.75105
12.38476 3.23065 -1.75265
12.38117 3.21607 -1.75175
12.37783 3.19878 -1.75199
12.37401 3.18110 -1.75199
12.36962 3.16308 -1.75239
12.36811 3.14413 -1.75349
12.36123 3.12539 -1.75370
12.36036 3.10826 -1.75296
12.36059 3.08759 -1.75400
12.35772 3.06633 -1.75401
12.35472 3.05008 -1.75369
12.35097 3.03027 -1.75361
12.34890 3.00978 -1.75553
12.34479 2.99300 -1.75492
12.33998 2.97319 -1.75615
12.33584 2.95591 -1.75627
12.33264 2.93564 -1.75685
12.32805 2.91851 -1.75749
12.32365 2.89829 -1.75719
12.31765 2.87929 -1.75755
12.31539 2.86161 -1.75650
12.31336 2.84869 -1.75747
12.31164 2.83628 -1.75669
12.31045 2.82691 -1.75805
12.31097 2.81803 -1.75717
12.30833 2.81207 -1.75736
12.30844 2.80608 -1.75681
12.30828 2.80658 -1.75763
12.30972 2.80455 -1.75724
12.31099 2.80848 -1.75842
12.31270 2.80867 -1.75771
12.30880 2.81137 -1.75772
12.31211 2.81137 -1.75698
12.30991 2.81272 -1.75722
12.30937 2.80836 -1.75686
12.30739 2.80633 -1.75835
12.30727 2.80470 -1.75725
12.31021 2.80594 -1.75841
12.31377 2.80542 -1.75806
12.31225 2.80755 -1.75822
12.31398 2.80837 -1.75701
12.31424 2.80863 -1.75829
12.31591 2.80968 -1.75743
12.31302 2.80976 -1.75802
12.31679 2.81015 -1.75713
12.31825 2.81121 -1.75799
12.31763 2.80784 -1.75696
12.31390 2.80850 -1.75807
12.31131 2.80688 -1.75720
12.30936 2.80636 -1.75865
12.30824 2.80358 -1.75767
12.30353 2.80389 -1.75805
12.30358 2.80421 -1.75714
12.30180 2.80722 -1.75744
12.30243 2.80541 -1.75656
12.31427 2.80499 -1.75892
12.31375 2.80414 -1.75761
12.30870 2.80586 -1.75814
12.31649 2.80564 -1.75798
12.32147 2.80944 -1.75852
12.31904 2.80976 -1.75840
12.31659 2.81037 -1.75815
12.31937 2.81135 -1.75796
12.31738 2.80909 -1.75822
12.31536 2.80881 -1.75816
12.31308 2.81089 -1.75882
12.31514 2.81049 -1.75799
12.31216 2.80860 -1.75860
12.31162 2.80613 -1.75805
12.30885 2.80551 -1.75824
12.30912 2.80467 -1.75813
12.30632 2.80476 -1.75791
12.30561 2.80432 -1.75736
12.30639 2.80371 -1.75966
12.30751 2.80177 -1.75788
12.30658 2.80353 -1.75896
12.30823 2.80161 -1.75778
12.31197 2.80203 -1.75928
12.31668 2.80470 -1.75809
12.31658 2.80645 -1.75902
12.31657 2.80645 -1.75775
12.32078 2.80849 -1.75940
12.32235 2.80631 -1.75817
12.32102 2.80913 -1.75905
12.31959 2.80860 -1.75741
12.31575 2.80742 -1.75841
12.31652 2.80572 -1.75800
12.31525 2.80618 -1.75884
12.31477 2.80468 -1.75777
12.31299 2.80633 -1.75851
12.31200 2.80554 -1.75758
12.31277 2.80894 -1.75825
12.31510 2.80836 -1.75775
12.31505 2.81195 -1.75854
12.31695 2.81183 -1.75807
12.31523 2.81244 -1.75828
12.31456 2.81223 -1.75681
12.31626 2.81111 -1.75834
12.31671 2.80868 -1.75739
12.31642 2.80972 -1.75837
12.31415 2.80800 -1.75690
12.31135 2.80813 -1.75815
12.31220 2.80865 -1.75788
12.31323 2.80891 -1.75807
12.31212 2.80690 -1.75705
12.31103 2.80597 -1.75887
12.30964 2.80445 -1.75652
12.30942 2.80574 -1.75887
12.30897 2.80533 -1.75638
12.31003 2.80606 -1.75911
12.30966 2.80423 -1.75735
12.30946 2.80628 -1.75790
12.31126 2.80624 -1.75765
12.30949 2.80852 -1.75830
12.30988 2.80604 -1.75782
12.30781 2.80574 -1.75777
12.31005 2.80595 -1.75817
12.30893 2.80585 -1.75792
12.30987 2.80830 -1.75747
12.30866 2.80450 -1.75828
12.31413 2.80703 -1.75882
12.31647 2.80418 -1.75878
12.31430 2.80825 -1.75862
12.31106 2.80918 -1.75784
12.31090 2.80711 -1.75785
12.30970 2.80849 -1.75833
12.30721 2.80613 -1.75815
12.31353 2.80456 -1.75903
12.31514 2.80484 -1.75808
12.31437 2.80572 -1.75863
12.31602 2.80616 -1.75829
12.31456 2.80596 -1.75758
12.31713 2.80939 -1.75792
12.31992 2.81071 -1.75806
12.31831 2.80749 -1.75899
